232
 589
 946
 193
 177
 958
 346
 174
 66
 441
 995
 909
 590
 306
 663
 829
 970
 138
 866
 510
 349
 492
 481
 639
 845
 6
 433
 83
 430
 725
 951
 662
 3
 586
 545
 180
 233
 891
 45
 990
 21
 39
 899
 301
 345
 251
 129
 315
 80
 995
 515
 429
 177
 996
 68
 21
 692
 501
 104
 121
 226
 745
 473
 920
 21
 17
 100
 945
 598
 836
 935
 310
 875
 523
 611
 220
 774
 431
 225
 854
 115
 430
 283
 292
 115
 41
 4
 497
 542
 799
 309
 458
 544
 782
 378
 255
 490
 168
 199
 778
 3
 133
 778
 878
 656
 79
 788
 120
 510
 703
 974
 315
 132
 947
 298
 938
 988
 302
 435
 220
 791
 744
 678
 24
 215
 746
 279
 395
 914
 169
 864
 607
 302
 641
 175
 649
 720
 963
 459
 920
 666
 432
 926
 488
 69
 223
 426
 56
 215
 861
 276
 5
 294
 645
 721
 509
 390
 1000
 595
 995
 168
 458
 601
 161
 98
 776
 500
 509
 739
 959
 428
 94
 80
 353
 582
 149
 266
 7
 897
 171
 558
 172
 868
 852
 507
 588
 51
 898
 587
 646
 892
 446
 103
 182
 607
 892
 959
 797
 400
 387
 755
 829
 481
 835
 872
 753
 675
 138
 451
 571
 1000
 699
 433
 867
 551
 941
 454
 292
 838
 732
 938
 419
 177
 731
 601
 474
 622
 559
 270
 22
 636
 715
 541
 807
 239
 412
 560
 914
 240
 701
 484
 240
 399
 918
 106
 640
 858
 251
 932
 385
 983
 559
 804
 850
 289
 404
 323
 912
 654
 283
 624
 289
 688
 164
 96
 927
 576
 346
 841
 507
 737
 324
 747
 135
 932
 543
 466
 789
 794
 87
 173
 776
 647
 667
 315
 626
 762
 638
 227
 415
 611
 851
 394
 298
 14
 180
 916
 281
 216
 756
 788
 953
 770
 224
 779
 702
 457
 244
 180
 251
 21
 44
 717
 668
 711
 32
 294
 472
 360
 211
 577
 662
 62
 972
 960
 767
 151
 875
 738
 58
 320
 215
 10
 781
 439
 789
 172
 897
 723
 352
 838
 745
 86
 244
 102
 798
 276
 86
 960
 327
 298
 227
 989
 50
 198
 638
 817
 39
 203
 245
 97
 523
 460
 799
 303
 590
 277
 475
 176
 0
 518
 13
 435
 604
 257
 537
 91
 224
 314
 742
 551
 612
 969
 539
 662
 857
 176
 168
 896
 379
 413
 684
 593
 564
 482
 586
 153
 759
 61
 329
 449
 269
 32
 884
 563
 980
 111
 655
 203
 115
 86
 754
 727
 54
 983
 78
 911
 159
 937
 496
 228
 40
 179
 821
 604
 661
 407
 447
 110
 158
 466
 559
 427
 498
 443
 990
 477
 244
 334
 371
 359
 420
 124
 776
 164
 107
 544
 74
 957
 480
 571
 184
 210
 440
 5
 504
 792
 102
 951
 902
 260
 416
 460
 377
 604
 593
 366
 772
 527
 391
 142
 886
 501
 957
 351
 666
 754
 895
 430
 710
 65
 0
 585
 275
 131
 590
 780
 923
 692
 420
 824
 642
 527
 283
 18
 821
 567
 74
 592
 93
 465
 424
 670
 657
 381
 20
 322
 134
 916
 752
 845
 671
 443
 429
 946
 574
 709
 415
 496
 90
 836
 9
 732
 52
 983
 440
 873
 549
 514
 465
 643
 670
 889
 312
 326
 269
 22
 648
 94
 628
 399
 629
 298
 532
 748
 244
 105
 146
 349
 291
 236
 184
 300
 658
 927
 283
 97
 800
 522
 611
 264
 164
 280
 843
 166
 606
 803
 189
 944
 897
 817
 33
 525
 806
 565
 963
 49
 671
 108
 88
 652
 344
 273
 643
 692
 199
 926
 789
 689
 137
 89
 953
 302
 60
 486
 158
 356
 288
 37
 300
 184
 545
 333
 399
 350
 898
 361
 89
 258
 159
 177
 911
 503
 140
 553
 885
 30
 168
 673
 719
 305
 452
 672
 297
 512
 848
 146
 869
 135
 183
 859
 9
 728
 191
 98
 768
 779
 459
 857
 37
 618
 34
 638
 811
 174
 190
 385
 895
 48
 748
 614
 43
 199
 976
 341
 402
 823
 177
 961
 958
 360
 819
 967
 779
 700
 64
 236
 478
 213
 93
 205
 521
 818
 843
 21
 682
 723
 406
 577
 771
 153
 190
 505
 42
 165
 846
 444
 988
 22
 404
 635
 72
 913
 291
 541
 612
 355
 778
 781
 258
 871
 986
 469
 378
 829
 490
 59
 551
 586
 326
 12
 739
 516
 517
 471
 371
 52
 916
 48
 765
 9
 683
 527
 613
 974
 68
 224
 18
 846
 695
 967
 406
 681
 435
 784
 509
 615
 533
 750
 200
 860
 452
 629
 375
 659
 100
 437
 401
 706
 485
 165
 715
 859
 693
 327
 522
 451
 242
 231
 296
 937
 197
 702
 307
 323
 175
 816
 938
 708
 256
 829
 567
 398
 457
 633
 57
 247
 69
 148
 953
 244
 314
 358
 793
 697
 375
 5
 838
 307
 236
 133
 244
 123
 525
 241
 136
 700
 748
 765
 97
 3
 593
 665
 91
 740
 988
 839
 988
 747
 988
 630
 991
 992
 988
 474
 378
 363
 479
 215
 360
 405
 38
 294
 528
 563
 536
 355
 953
 283
 119
 49
 977
 712
 404
 67
 451
 391
 907
 128
 137
 584
 759
 819
 575
 436
 292
 643
 489
 461
 858
 850
 866
 896
 143
 83
 148
 679
 438
 100
 652
 557
 149
 628
 268
 554
 386
 410
 635
 983
 228
 773
 566
 987
 591
 831
 423
 883
 473
 602
 343
 20
 451
 208
 916
 595
 982
 63
 964
 420
 854
 616
 977
 693
 934
 936
 937
 319
 345
 572
 301
 263
 344
 557
 250
 935
 387
 363
 507
 550
 965
 540
 570
 106
 438
 175
 391
 419
 238
 354
 839
 782
 660
 816
 475
 284
 441
 101
 603
 476
 673
 595
 739
 707
 151
 989
 641
 539
 41
 838
 88
 697
 377
 349
 803
 815
 524
 193
 234
 453
 237
 72
 234
 588
 578
 399
 872
 18
 501
 164
 184
 173
 759
 924
 881
 601
 602
 211
 830
 644
 49
 608
 340
 116
 957
 142
 932
 481
 25
 165
 934
 262
 928
 858
 850
 196
 257
 411
 905
 758
 576
 89
 621
 24
 12
 501
 625
 614
 403
 144
 948
 