3167
 9913
 7618
 17
 5136
 4245
 3414
 317
 2069
 4733
 5340
 9284
 1391
 2131
 1381
 3836
 5759
 7850
 3124
 1568
 7714
 7761
 6438
 1518
 8645
 8948
 2191
 3754
 7000
 7125
 4589
 166
 8116
 3285
 1262
 3251
 8609
 4676
 4648
 1756
 487
 9988
 1040
 2957
 2118
 3500
 6793
 7878
 2429
 9917
 524
 142
 8757
 6962
 1661
 7401
 6988
 3852
 1154
 3987
 977
 6822
 5232
 171
 1186
 6494
 3423
 873
 2248
 9150
 2630
 3815
 9137
 4749
 6772
 1255
 8249
 4644
 211
 677
 5639
 1814
 820
 4395
 9855
 3560
 2875
 7921
 7412
 5108
 2987
 9468
 1930
 8219
 9640
 4195
 5792
 4141
 5068
 9119
 3290
 7698
 4012
 2426
 2446
 1863
 4760
 1774
 6507
 6050
 2451
 3224
 7864
 4350
 8699
 8797
 7910
 1573
 6718
 6401
 7760
 9705
 5868
 768
 9002
 6586
 4963
 5872
 726
 1110
 6070
 5095
 8808
 81
 8601
 2333
 1944
 3360
 5186
 9530
 9411
 7637
 3833
 8353
 3066
 2531
 7150
 975
 5183
 3867
 7376
 2942
 4650
 4323
 4790
 3651
 908
 9753
 602
 2714
 862
 6672
 7809
 749
 6753
 6409
 4161
 9777
 9770
 9347
 9306
 258
 8062
 3138
 8611
 1127
 6748
 5760
 3182
 3009
 705
 557
 7031
 5355
 5959
 1820
 85
 6868
 1572
 687
 9582
 3514
 7359
 8469
 4263
 5190
 4878
 9503
 4966
 5726
 8849
 4272
 5984
 6910
 8489
 5673
 9117
 5237
 2512
 2298
 9325
 4296
 3934
 6355
 9652
 9894
 8175
 815
 6761
 826
 1502
 7421
 4340
 9940
 5889
 9682
 5129
 766
 9184
 95
 7571
 9111
 5446
 4633
 7099
 3934
 306
 6215
 249
 3897
 8513
 9575
 8193
 2447
 5929
 8923
 2340
 5183
 9738
 179
 6009
 2318
 7600
 1427
 2257
 3488
 1108
 7387
 5334
 1370
 8561
 2904
 1559
 4006
 7538
 8658
 7940
 8923
 4873
 9269
 3898
 3385
 8843
 2090
 6911
 5850
 2092
 9251
 1032
 2908
 9430
 7041
 5227
 8108
 9547
 8563
 2675
 654
 7028
 8009
 3103
 5588
 1991
 4662
 9594
 607
 4399
 8613
 608
 9272
 7881
 4506
 3735
 7802
 7676
 646
 4730
 9768
 975
 5763
 3754
 1484
 3882
 8981
 9592
 3429
 7544
 2266
 5162
 5650
 1353
 9345
 1238
 3345
 4006
 1910
 3952
 8405
 1601
 5640
 8755
 560
 145
 3569
 8362
 7821
 5294
 3092
 8667
 6269
 9934
 2421
 8832
 4894
 2480
 8424
 8323
 1102
 1768
 4564
 6753
 4201
 3908
 9070
 7546
 8993
 979
 2576
 8477
 3660
 8216
 7231
 4220
 9441
 799
 3661
 8340
 6093
 7832
 7007
 3441
 7765
 506
 2272
 2658
 2986
 1774
 2060
 5168
 4622
 6624
 1920
 8823
 531
 989
 7447
 9524
 3047
 22
 8000
 6707
 9318
 6310
 2006
 8758
 8188
 5667
 7097
 4281
 3498
 5182
 8801
 2341
 5688
 2151
 6078
 9754
 3926
 8138
 6000
 9627
 4761
 7920
 8449
 6371
 9988
 5895
 5895
 4113
 6996
 4973
 1899
 6313
 1282
 3905
 5070
 9471
 650
 3246
 4830
 5227
 8428
 3630
 7568
 4116
 5781
 3645
 4948
 785
 2862
 947
 411
 7623
 9946
 9939
 3994
 1011
 5833
 967
 5124
 2829
 5940
 8102
 220
 7223
 3085
 6370
 7772
 3735
 9616
 2601
 8962
 8043
 7310
 7608
 3237
 3090
 2332
 9264
 4955
 5194
 210
 6445
 3895
 1234
 6384
 8968
 2245
 3295
 9935
 8449
 6124
 6954
 6550
 7424
 4176
 9636
 3793
 1947
 4449
 3408
 5627
 4490
 1450
 2936
 3176
 5767
 7105
 5508
 5030
 2059
 1780
 6320
 9584
 5676
 7554
 5967
 4643
 9800
 9262
 4578
 9327
 6465
 1531
 5876
 3888
 6786
 6590
 7681
 9812
 1039
 2167
 5438
 6608
 4696
 9453
 9784
 462
 6557
 5292
 5493
 9696
 7072
 1812
 9279
 2747
 444
 5245
 8470
 1322
 4506
 4126
 648
 2049
 6736
 6525
 5937
 4600
 4193
 4696
 4411
 5232
 6863
 927
 2918
 1559
 379
 2702
 3100
 6936
 7994
 8593
 6631
 6144
 1483
 5909
 9971
 1928
 2232
 8440
 3250
 7818
 2565
 4978
 9867
 379
 1502
 5804
 4979
 6774
 1578
 9390
 2006
 9521
 1395
 4924
 1079
 1774
 8705
 5258
 9789
 6698
 3851
 7499
 3921
 6413
 4486
 3891
 9420
 6719
 2330
 3749
 4536
 5974
 8727
 4402
 6353
 1307
 1284
 2410
 8081
 2863
 1799
 1165
 2383
 4273
 7169
 4541
 6047
 5873
 9799
 6914
 2571
 4728
 4412
 7571
 2220
 8899
 1461
 1639
 6696
 4870
 5388
 1231
 1922
 5193
 6712
 8275
 6500
 7997
 684
 4581
 1938
 3562
 5746
 4321
 8914
 3993
 9941
 6039
 9867
 817
 2952
 3516
 5546
 8444
 1086
 8845
 8421
 2547
 483
 5116
 7417
 6951
 7426
 9339
 3222
 4137
 8692
 9723
 3212
 454
 5382
 5150
 5095
 2206
 549
 4008
 6200
 489
 46
 6066
 2386
 4077
 9582
 7932
 2520
 667
 6776
 940
 4293
 8338
 7135
 2788
 6367
 4560
 2126
 9590
 9777
 1896
 9312
 2988
 3429
 5772
 8139
 8524
 7978
 8688
 3610
 5256
 256
 3656
 1321
 2642
 8812
 1981
 1652
 1332
 3727
 9507
 3351
 8020
 8923
 1565
 807
 5290
 6125
 4012
 4879
 6980
 6987
 5269
 9969
 415
 1040
 8107
 17
 96
 7873
 3627
 5353
 9208
 8362
 6674
 2928
 7174
 9735
 5659
 9585
 3461
 5165
 2935
 2560
 4088
 4500
 4446
 456
 1704
 9538
 5335
 8684
 6524
 603
 9731
 8019
 2722
 7837
 8036
 2818
 6789
 2742
 8171
 7075
 1103
 5924
 3
 9356
 5658
 6741
 8940
 197
 1906
 2954
 3836
 7073
 8533
 9362
 8608
 1315
 8899
 3942
 10000
 6501
 5624
 808
 5598
 8346
 9725
 4713
 2242
 6513
 7455
 413
 4666
 9637
 7416
 5748
 8993
 4152
 2489
 9011
 4349
 5474
 1964
 9265
 3625
 497
 8626
 2232
 2891
 8603
 7253
 3969
 5103
 2876
 4778
 1780
 2300
 4502
 6493
 4542
 2093
 3947
 6034
 6759
 3583
 3449
 2507
 3654
 7601
 6075
 2665
 3029
 1548
 5708
 2293
 6252
 7284
 1997
 8484
 175
 599
 5736
 4144
 6781
 9691
 8922
 8561
 1990
 4502
 5053
 6532
 6595
 9000
 2566
 4433
 3662
 7094
 8019
 8395
 4695
 4093
 1059
 7724
 6720
 6768
 16
 2971
 5130
 2013
 2533
 5305
 2612
 8269
 9450
 471
 7959
 9450
 9033
 1027
 3952
 4085
 8638
 1625
 4164
 2282
 6058
 7826
 9377
 4076
 7299
 4071
 9248
 8359
 1794
 5967
 6205
 2889
 16
 1334
 5981
 2549
 7719
 9672
 1896
 8247
 142
 9855
 7696
 9175
 1960
 2726
 3260
 598
 5431
 8503
 3959
 1488
 7407
 3335
 6644
 4705
 8485
 5891
 3063
 278
 1858
 346
 4246
 1874
 2760
 226
 5503
 478
 9898
 7399
 8725
 40
 8333
 7499
 9215
 292
 1304
 3553
 1969
 6735
 2055
 5929
 9302
 540
 9264
 5945
 5246
 7749
 2915
 9388
 9106
 5852
 9735
 3352
 8805
 2494
 4657
 4307
 2972
 4555
 1706
 2775
 4595
 38
 273
 4888
 1409
 1577
 9521
 3379
 9391
 2654
 9308
 8693
 3195
 9650
 5716
 8441
 7398
 8631
 7828
 7583
 5561
 8641
 2013
 4366
 2213
 6670
 8673
 5185
 1224
 378
 9039
 6898
 1495
 9313
 2865
 2905
 1968
 3464
 6284
 2438
 7197
 5591
 2209
 391
 6319
 9004
 9911
 4796
 8714
 8818
 2378
 4274
 7458
 5470
 8640
 9672
 2139
 7313
 5935
 4443
 8770
 6053
 1340
 265
 6444
 5284
 3170
 9491
 9827
 9454
 1928
 7024
 6123
 5216
 8494
 3520
 4220
 8405
 8316
 2933
 8301
 1772
 7207
 6837
 7242
 5847
 6508
 9382
 3159
 3522
 3824
 1928
 9575
 6243
 3272
 7097
 2606
 6442
 6587
 2432
 6974
 8516
 9456
 4175
 3731
 7950
 7696
 7951
 7433
 7090
 1962
 5733
 8863
 9170
 2569
 6104
 6095
 156
 6564
 332
 4757
 387
 3339
 5410
 7710
 6612
 2506
 1394
 4132
 9093
 3826
 1106
 8687
 4361
 6360
 2418
 3389
 5134
 1447
 821
 2224
 4489
 7633
 2165
 3658
 1280
 9348
 9753
 1436
 5912
 84
 7272
 7378
 3423
 2681
 6166
 1113
 5187
 7560
 5246
 5359
 1386
 6352
 4045
 6826
 3790
 7542
 214
 3
 68
 2114
 3306
 4557
 9747
 5471
 8215
 2105
 4818
 9046
 3542
 1808
 208
 813
 9187
 4710
 4574
 5352
 5824
 9761
 2912
 1069
 5119
 5377
 8500
 243
 3281
 3368
 7785
 4574
 3371
 7853
 6688
 6677
 2409
 7513
 2147
 623
 9618
 8045
 747
 4238
 9853
 955
 5052
 9039
 6745
 9626
 5470
 2568
 464
 9461
 4716
 6663
 4837
 3215
 6906
 9197
 6583
 4690
 3770
 9955
 2543
 457
 7710
 4952
 9049
 9858
 6655
 9745
 8981
 8481
 3983
 8833
 515
 113
 8951
 7260
 817
 4420
 9828
 1281
 3880
 4543
 9023
 9796
 8837
 5928
 8992
 6498
 1697
 2761
 7531
 4240
 4297
 5241
 270
 3345
 5098
 8004
 3089
 4078
 7564
 8151
 3989
 8079
 8264
 2939
 5338
 9081
 7359
 6244
 1441
 2317
 1865
 463
 2112
 1780
 6392
 2182
 8278
 8089
 4943
 5809
 3407
 318
 1049
 4756
 4742
 7226
 2760
 7832
 2382
 1402
 7061
 6371
 9481
 5325
 389
 5897
 4405
 8827
 3219
 6925
 1144
 5084
 7389
 4335
 6864
 4859
 6518
 6220
 4026
 1460
 2028
 7433
 2858
 3077
 3267
 7600
 1381
 7106
 6510
 3763
 8508
 3571
 1213
 7988
 8896
 1602
 3884
 4379
 428
 8182
 1304
 2651
 3265
 9772
 6987
 1207
 4630
 3504
 8507
 8656
 6043
 534
 7167
 8901
 4691
 433
 6501
 6072
 7540
 3010
 914
 7126
 6581
 2127
 5114
 6555
 4808
 76
 934
 5236
 8259
 3317
 7888
 2602
 3088
 4874
 4889
 8797
 9457
 3395
 8531
 5499
 5008
 5697
 4400
 9699
 7209
 1979
 6850
 5827
 4989
 7764
 2953
 2649
 969
 9146
 282
 5777
 300
 2295
 1012
 9638
 5612
 9979
 3319
 9779
 5931
 8208
 8575
 5387
 2681
 8184
 886
 7689
 4959
 6365
 7388
 2168
 8344
 5316
 9074
 4411
 3079
 3105
 7060
 4048
 3329
 7343
 903
 3630
 9638
 1915
 4346
 6329
 2973
 7665
 6107
 8904
 5872
 5761
 4291
 9632
 3944
 5177
 7321
 8904
 1541
 5787
 2150
 963
 1102
 2302
 5374
 5260
 6487
 2434
 9308
 9816
 855
 1289
 4524
 1571
 4283
 8871
 8979
 7256
 7614
 6165
 6160
 4565
 3004
 1529
 4196
 6948
 7785
 1516
 6930
 9326
 7303
 158
 288
 8405
 3540
 6741
 4743
 26
 253
 5129
 9842
 1108
 6418
 5445
 3759
 701
 4315
 2737
 7957
 3007
 9981
 5195
 7572
 2984
 6724
 1768
 1011
 4508
 4363
 9020
 4912
 1666
 9179
 6279
 1149
 2718
 3020
 5893
 2744
 3273
 1021
 3664
 5461
 7440
 9109
 298
 9220
 4502
 4114
 7176
 7510
 4095
 3450
 5081
 7079
 1252
 7928
 8090
 5761
 2291
 7110
 1751
 5036
 7367
 8031
 6185
 1163
 2129
 3156
 4986
 6481
 5257
 9729
 1941
 3775
 8838
 2239
 2994
 4418
 7433
 1248
 3006
 1527
 5777
 9167
 8606
 7030
 7094
 7775
 3869
 9385
 5963
 5620
 4420
 3329
 4729
 1684
 5571
 6858
 5919
 556
 4418
 1175
 284
 7438
 4950
 200
 756
 9023
 4619
 8189
 1350
 7625
 9716
 7127
 7870
 8321
 4156
 4964
 7174
 8025
 5427
 3136
 3645
 926
 7544
 9453
 2610
 3114
 7390
 8529
 3670
 1807
 783
 5034
 9245
 6812
 5234
 0
 5835
 931
 8189
 7185
 9636
 7904
 4311
 7505
 7304
 9547
 3547
 4477
 7571
 8975
 8693
 2294
 9901
 6236
 1747
 3589
 9351
 9137
 3196
 4099
 2022
 3979
 211
 1266
 791
 5446
 1267
 7705
 7456
 9456
 5968
 7091
 8439
 278
 5675
 5742
 903
 9222
 1297
 9554
 8196
 9990
 1847
 9175
 7305
 4673
 2763
 7734
 4888
 5960
 1832
 6910
 9939
 2044
 8177
 1808
 8569
 522
 9513
 6024
 9978
 5480
 4194
 9495
 6838
 9869
 6315
 7741
 9090
 7613
 7294
 8365
 8681
 220
 7539
 5985
 4893
 302
 4797
 860
 6262
 7709
 7770
 7279
 9753
 5946
 9088
 9400
 6468
 8600
 6502
 7525
 5159
 695
 7019
 1996
 1642
 4413
 815
 732
 2025
 8110
 9097
 1784
 9409
 7714
 8849
 5380
 8016
 3645
 6240
 5356
 1353
 4010
 2635
 2184
 1034
 1722
 2662
 8582
 1400
 9165
 7185
 6559
 938
 5282
 8555
 2581
 9695
 9371
 3313
 2798
 8559
 3488
 4583
 9046
 1201
 3431
 4425
 296
 8155
 665
 5652
 9509
 5754
 8287
 1692
 6788
 1087
 5434
 6448
 3567
 4598
 3632
 125
 5536
 8915
 9760
 8117
 9688
 208
 2508
 2486
 9846
 5996
 7069
 8891
 8277
 1578
 3315
 9652
 9733
 5059
 5303
 9241
 812
 4669
 2012
 8680
 6835
 7446
 5127
 401
 3122
 9839
 1606
 8658
 9832
 1365
 6775
 9519
 1573
 361
 2004
 2497
 7437
 151
 1387
 5713
 1729
 4702
 5364
 1462
 9762
 1745
 1781
 1652
 7493
 4872
 331
 4328
 3396
 6538
 5808
 6518
 7455
 7414
 5176
 7286
 8779
 3029
 7883
 1430
 3390
 966
 3927
 826
 1117
 5314
 7618
 3926
 1095
 4060
 6467
 1935
 6885
 8248
 4666
 4377
 3120
 4998
 9784
 7595
 2614
 5592
 4113
 68
 3005
 9289
 8433
 2863
 3396
 7394
 4293
 7865
 8360
 9300
 9771
 556
 4613
 8467
 4482
 6787
 2527
 948
 9801
 490
 274
 4467
 4867
 4473
 543
 5730
 2068
 3157
 1321
 6181
 4304
 5405
 6548
 3815
 8268
 9944
 1208
 3640
 8887
 9569
 2939
 8657
 124
 8631
 7124
 5685
 5418
 729
 7712
 6297
 1219
 7986
 763
 7165
 2459
 1306
 3973
 4527
 5542
 5294
 1786
 9846
 1778
 8334
 4739
 45
 9356
 5948
 3685
 8242
 6595
 7703
 7978
 7798
 6334
 5101
 4561
 2830
 6909
 2272
 9127
 9207
 257
 9891
 7450
 2716
 2275
 1423
 8322
 7818
 7796
 1186
 8742
 9574
 598
 3481
 9620
 9954
 507
 4383
 9275
 8181
 2086
 7252
 5978
 9499
 3431
 538
 2328
 1418
 2810
 2533
 624
 4146
 2423
 8074
 7942
 5778
 9497
 7342
 3595
 7293
 8529
 2336
 7945
 9127
 6896
 8643
 159
 8482
 3026
 9434
 6662
 6191
 7764
 3718
 5689
 2273
 4256
 9096
 3691
 8145
 1628
 4315
 3370
 5131
 3467
 1311
 908
 4043
 8653
 5582
 2414
 7181
 7918
 358
 7387
 5893
 9002
 8625
 4374
 3106
 9137
 1036
 9297
 6900
 4754
 6064
 251
 89
 6238
 3942
 9313
 8945
 9336
 2682
 4075
 2802
 3993
 6062
 6845
 3725
 1643
 9259
 1984
 640
 696
 9371
 6533
 9698
 7995
 1985
 2803
 7131
 3021
 3178
 5109
 8855
 9242
 5360
 22
 6558
 380
 9335
 5502
 9716
 3096
 9578
 2518
 8168
 6718
 441
 1892
 8362
 779
 3877
 9002
 1475
 4326
 6613
 2251
 3400
 8598
 5054
 1609
 2698
 8232
 6719
 1552
 8552
 3157
 2653
 5109
 3538
 1987
 610
 3253
 6162
 1266
 6850
 4330
 7985
 8371
 7301
 7425
 228
 2256
 7505
 2782
 6583
 4117
 5033
 1061
 3793
 1165
 2670
 6491
 9397
 467
 9122
 9027
 4704
 1774
 5214
 8242
 4841
 5824
 2573
 1002
 8170
 502
 6411
 7233
 9952
 3712
 4657
 179
 5968
 2161
 4040
 3629
 7357
 9073
 4690
 1149
 237
 8440
 8720
 712
 9986
 7841
 817
 4689
 9616
 6031
 4009
 4456
 1854
 7662
 6537
 1102
 9243
 2948
 8335
 9194
 6660
 4070
 451
 3706
 7310
 4491
 7336
 4666
 4642
 3104
 6895
 4879
 2622
 5614
 6670
 2608
 4533
 7487
 7297
 4148
 3517
 2385
 9683
 6450
 46
 6220
 8632
 9289
 246
 6966
 9561
 6906
 2115
 1090
 1690
 9425
 5581
 104
 5170
 1301
 3209
 3143
 7259
 5831
 9836
 3928
 9518
 4368
 2493
 7894
 9596
 6010
 278
 9278
 3538
 1403
 6576
 2169
 691
 6822
 214
 1330
 4806
 2329
 2420
 6497
 2832
 9080
 7680
 8002
 380
 888
 2223
 8718
 7799
 2058
 2645
 7316
 6427
 5138
 6288
 6022
 2226
 6566
 6378
 6843
 7969
 4033
 9013
 9739
 1933
 305
 2147
 6740
 3713
 4567
 4315
 6545
 4725
 1994
 5626
 6184
 3962
 7849
 4901
 2839
 9908
 8625
 1233
 6334
 3762
 7522
 3434
 7067
 5166
 890
 3910
 3135
 4923
 4001
 3952
 6857
 4306
 6100
 4675
 8019
 1745
 68
 5642
 6471
 3141
 1267
 3733
 7103
 9117
 8635
 1020
 9024
 8338
 2254
 6436
 3179
 854
 948
 245
 6020
 1838
 5234
 233
 7841
 9235
 4186
 5776
 4619
 285
 450
 3716
 3109
 518
 9359
 658
 3659
 625
 4392
 1841
 9742
 4105
 2861
 9844
 2442
 6194
 7358
 5621
 7048
 8306
 6946
 4147
 1223
 3258
 4380
 142
 2493
 8566
 5918
 8191
 9930
 7447
 1907
 3039
 9044
 1265
 3697
 3781
 1890
 9168
 5622
 2711
 4351
 9563
 3633
 6794
 6835
 991
 3493
 4962
 375
 1517
 9109
 2677
 4776
 3488
 2819
 8348
 2054
 8737
 6538
 3062
 7262
 9524
 6101
 6305
 788
 877
 86
 3758
 1123
 6787
 7548
 5475
 7428
 1180
 3347
 5342
 3250
 7919
 303
 3626
 9437
 9412
 6303
 5291
 2899
 9123
 4717
 6032
 8938
 2333
 173
 7279
 1857
 6274
 3583
 3724
 8230
 4748
 8561
 9354
 2614
 6108
 5907
 41
 8368
 9254
 6462
 1617
 7172
 6765
 5243
 7687
 6176
 2625
 4056
 154
 2826
 8773
 7265
 2842
 2185
 7438
 120
 4042
 4791
 3704
 8845
 4099
 9531
 7406
 3452
 2144
 3513
 437
 3265
 1880
 9691
 9727
 4577
 7942
 7571
 9820
 6707
 3746
 3523
 1842
 4979
 6349
 1693
 2244
 9192
 3878
 760
 390
 7920
 5551
 5173
 6765
 9651
 4704
 5249
 4181
 7927
 9841
 4619
 2270
 2800
 5388
 3076
 7377
 3329
 646
 8275
 1115
 4392
 1798
 2957
 450
 9226
 4650
 3773
 9496
 8529
 4533
 9887
 7527
 84
 5059
 5370
 813
 841
 618
 4994
 8769
 459
 691
 1038
 3259
 6080
 4114
 635
 487
 4760
 8910
 1602
 231
 1786
 5638
 1760
 1012
 288
 5533
 507
 9896
 65
 1472
 7422
 1228
 6532
 2792
 2041
 7373
 4489
 8115
 7220
 4948
 8806
 8259
 9286
 4885
 3451
 999
 6452
 9291
 988
 8054
 600
 2774
 3692
 2360
 4865
 5059
 7893
 6452
 4954
 7958
 7924
 3454
 9187
 5534
 7325
 2306
 2907
 1814
 420
 126
 7841
 305
 9464
 8206
 5190
 2915
 9205
 2720
 3284
 192
 1853
 3884
 4046
 6624
 6244
 9990
 1682
 4136
 7520
 7715
 3172
 5444
 1168
 3437
 977
 8494
 5744
 4963
 1386
 7243
 6169
 9227
 7548
 5632
 8511
 3817
 9626
 7716
 6537
 2909
 8987
 8390
 6793
 4111
 5013
 3036
 4101
 7774
 8251
 1620
 5488
 1423
 8143
 7736
 4860
 199
 6229
 1682
 5162
 8694
 8926
 1330
 8999
 6473
 8042
 7510
 289
 7667
 6304
 6827
 1655
 5290
 6295
 8448
 480
 1308
 2563
 4581
 160
 1892
 7280
 5649
 4394
 6502
 3384
 333
 6701
 691
 2015
 2941
 463
 940
 4272
 9462
 8493
 3392
 6971
 9861
 1058
 3274
 6687
 3792
 9644
 4061
 2240
 123
 6448
 5882
 5783
 6608
 8853
 4141
 2256
 3247
 642
 6719
 3580
 8422
 8489
 5595
 1363
 8952
 7615
 6714
 8414
 6107
 105
 6463
 5967
 2242
 816
 3733
 6035
 1538
 8873
 9354
 1661
 5320
 5235
 8523
 1927
 5166
 2663
 5263
 8413
 4385
 3060
 1992
 2806
 1549
 8667
 4169
 1579
 6281
 882
 1071
 3466
 987
 7535
 511
 4309
 9430
 5323
 343
 967
 4195
 9697
 3707
 9515
 6010
 2229
 2521
 1175
 5971
 8863
 9589
 355
 3001
 2659
 4241
 4550
 1325
 8410
 7209
 7606
 371
 8280
 2150
 2437
 6893
 2662
 6746
 6322
 7985
 7089
 8368
 3259
 7864
 2074
 3852
 3873
 5382
 7452
 6128
 2432
 6314
 6795
 2787
 9316
 9454
 8107
 4944
 779
 6517
 2152
 9464
 7967
 1511
 2693
 403
 8404
 5355
 7150
 4726
 4418
 5317
 3093
 7677
 3181
 6247
 2608
 8133
 1628
 59
 5339
 4060
 6374
 2133
 7927
 6768
 2666
 6033
 2790
 4524
 3628
 4943
 3987
 1594
 6454
 7759
 1998
 5936
 3113
 226
 661
 8611
 5543
 4834
 7366
 9803
 2159
 9974
 7936
 3787
 33
 3274
 8927
 7486
 6487
 7932
 5332
 9153
 5043
 8122
 3676
 8672
 4143
 8742
 1344
 1675
 6501
 3342
 7612
 692
 3568
 9352
 9303
 190
 5264
 6669
 9993
 7423
 7721
 7928
 2289
 8833
 2281
 1215
 6318
 9847
 9147
 2728
 8999
 4189
 850
 3753
 3939
 6072
 2494
 5284
 7748
 73
 9705
 6438
 766
 4352
 6868
 1147
 4542
 2132
 8895
 5613
 9555
 6616
 4620
 1843
 5448
 6901
 4137
 2845
 6747
 3283
 5573
 6824
 8552
 7502
 576
 3569
 4653
 3070
 9932
 2400
 4223
 9637
 9917
 4989
 5067
 6784
 6136
 9609
 8916
 6110
 5221
 9550
 2725
 9841
 1392
 9252
 7820
 5530
 3175
 5645
 9892
 9828
 2468
 9522
 7329
 4123
 4170
 1981
 8273
 4101
 5460
 2495
 3737
 6455
 7484
 9883
 3239
 4698
 9491
 3233
 807
 5791
 2782
 4611
 6710
 4175
 3863
 5609
 783
 7038
 1253
 674
 6865
 4801
 1275
 5273
 8924
 5445
 8333
 8275
 9546
 3793
 769
 4362
 1326
 8253
 4244
 4565
 4030
 4814
 7799
 4837
 604
 1659
 9449
 8393
 5834
 4390
 4001
 6617
 1427
 6334
 8371
 9372
 2213
 9646
 4644
 2215
 6169
 4055
 490
 5714
 8927
 1259
 1154
 253
 591
 5399
 4818
 4621
 1291
 3695
 536
 1895
 5355
 9985
 1366
 2267
 4374
 6447
 9964
 6881
 3859
 9413
 6252
 7151
 136
 1974
 9366
 6305
 6029
 934
 3097
 4956
 3273
 4252
 6288
 3864
 729
 1105
 9564
 2020
 5880
 99
 4994
 2313
 84
 6360
 4580
 5537
 3885
 4543
 2417
 7744
 5034
 9748
 4894
 5170
 2800
 5339
 1474
 9909
 6273
 4572
 5943
 9546
 9903
 2230
 3409
 631
 4414
 4051
 2651
 293
 4151
 7645
 2606
 4235
 5083
 8266
 850
 8969
 3887
 3268
 6712
 8922
 4094
 2685
 4091
 6895
 8024
 6645
 6803
 4296
 1216
 2745
 4921
 1118
 4975
 9409
 1749
 467
 3460
 5479
 761
 7611
 3123
 4446
 2924
 8206
 3790
 3774
 7174
 7678
 8121
 4965
 6599
 2215
 7650
 1768
 9110
 6752
 8413
 6991
 1047
 707
 9736
 7047
 2904
 5789
 6456
 4653
 6256
 9916
 1210
 8096
 8605
 4333
 3621
 1528
 3618
 7411
 5302
 1870
 6167
 3423
 6835
 2765
 6717
 5563
 5613
 5826
 2314
 5104
 3895
 4441
 5812
 3630
 1487
 8716
 497
 7943
 4448
 7832
 8937
 5658
 7007
 7541
 1070
 627
 147
 4688
 9117
 5450
 6558
 5284
 9952
 4472
 9128
 6668
 34
 4740
 3572
 2349
 9845
 7467
 7869
 6735
 2175
 9356
 5450
 3751
 7299
 9898
 1582
 7314
 6635
 8589
 4855
 7705
 294
 5002
 3471
 9412
 1530
 1107
 4695
 2560
 5579
 3822
 9228
 6693
 9642
 3878
 120
 564
 1344
 7989
 7299
 4598
 7344
 2748
 8349
 5721
 3725
 1010
 3035
 1438
 677
 8969
 221
 972
 5049
 3692
 1462
 6580
 4799
 6157
 218
 1457
 1057
 9447
 8150
 1777
 4403
 8270
 2341
 6827
 6258
 9640
 1424
 4680
 2388
 9774
 401
 7192
 1862
 3436
 8630
 2539
 3483
 9930
 3511
 8532
 3621
 4973
 6190
 9499
 2208
 6409
 955
 4345
 6934
 183
 6122
 1336
 8453
 8464
 8163
 5789
 8103
 666
 469
 1569
 1518
 1949
 9840
 3380
 6464
 9548
 5919
 9947
 9477
 509
 8478
 3097
 6561
 5747
 3675
 9849
 2155
 4630
 4193
 167
 4814
 1393
 2582
 4345
 9857
 745
 134
 9039
 2490
 1682
 607
 4008
 3631
 1526
 8467
 94
 1073
 4385
 40
 1629
 5973
 9597
 4726
 3613
 5343
 8401
 3461
 8577
 4110
 8733
 8744
 2
 125
 2405
 4347
 9983
 3150
 4481
 9021
 6719
 7242
 706
 1805
 872
 3311
 271
 966
 4385
 5735
 2085
 6014
 1708
 1682
 1818
 5321
 8104
 1298
 9861
 7760
 6487
 8593
 7582
 6489
 8718
 9987
 835
 8700
 4215
 6396
 8799
 933
 3637
 584
 2738
 4510
 3895
 3009
 6555
 9359
 9824
 8641
 6451
 1531
 1401
 9349
 7931
 9505
 1725
 7791
 7264
 8212
 7462
 4846
 5779
 6179
 5911
 6614
 5958
 126
 3009
 5835
 1059
 7726
 6419
 4877
 3314
 1393
 8965
 9869
 1830
 8788
 9588
 9361
 1397
 988
 8709
 406
 493
 1512
 9276
 8836
 9724
 6737
 4760
 5502
 2916
 671
 3194
 8874
 1876
 7283
 4708
 2935
 5008
 2206
 8891
 9401
 4678
 7856
 9269
 6508
 6643
 8857
 5868
 8041
 9845
 5655
 8447
 1416
 7167
 7723
 1331
 7969
 5538
 7170
 4549
 8454
 7841
 8823
 8406
 9717
 6105
 4193
 3731
 2191
 6399
 2621
 2670
 1076
 476
 1938
 8663
 8199
 1873
 5610
 7318
 2797
 1264
 6843
 5292
 9511
 4565
 6623
 8558
 103
 3793
 4186
 9636
 2712
 3008
 8042
 3508
 191
 2234
 8318
 3461
 9712
 2017
 6131
 1866
 3573
 8069
 1607
 1771
 1021
 7217
 167
 4897
 9561
 7010
 188
 9071
 1575
 7891
 8707
 2757
 2762
 2892
 3471
 6553
 5900
 1512
 1139
 7170
 4825
 9457
 630
 5615
 2553
 6761
 8560
 6126
 5909
 167
 8976
 8009
 8463
 9143
 2905
 8023
 6152
 3093
 8172
 8806
 2062
 6879
 2641
 4824
 849
 6113
 1377
 7829
 8704
 2516
 4998
 4608
 3052
 5629
 1301
 6684
 3468
 940
 2809
 9377
 1107
 2863
 7385
 648
 3084
 1368
 8672
 314
 4462
 6843
 199
 6524
 4800
 3919
 2427
 5650
 1110
 4883
 3478
 9815
 8478
 8476
 5501
 1529
 5183
 7881
 9292
 8652
 8821
 2100
 9107
 1006
 6042
 6492
 1655
 204
 8939
 1405
 519
 3400
 8248
 718
 1003
 4127
 4637
 4509
 9777
 6827
 9392
 4333
 7720
 7869
 3887
 3220
 477
 9071
 2179
 9769
 7722
 2079
 2948
 7907
 3085
 8990
 5477
 5819
 9195
 4416
 7224
 792
 7816
 6551
 2589
 9898
 1756
 8305
 4406
 1532
 5131
 3797
 6944
 2850
 2745
 830
 7149
 3222
 9901
 9329
 2990
 8701
 2486
 5938
 6608
 5571
 6007
 2084
 2469
 5201
 6500
 771
 7072
 5395
 8401
 9661
 6371
 156
 7965
 777
 1688
 3096
 5653
 9711
 7025
 8398
 541
 4174
 1619
 1520
 4581
 5689
 221
 7067
 1626
 7908
 3716
 7633
 9992
 6185
 3912
 7571
 8036
 983
 2965
 6436
 1722
 9336
 6593
 766
 1191
 9360
 4941
 7924
 9071
 1965
 6321
 9612
 6139
 9020
 1131
 1798
 4708
 2431
 8865
 7413
 338
 2581
 5046
 1409
 9845
 36
 8980
 7880
 2099
 3023
 4316
 3821
 3437
 1987
 4587
 4629
 1346
 9528
 2552
 416
 2572
 9952
 1106
 9790
 49
 3317
 1588
 4757
 6827
 452
 3249
 7166
 4112
 9374
 8575
 3957
 9410
 8633
 1836
 2587
 2734
 7231
 6409
 6171
 9218
 2074
 1878
 564
 2681
 5509
 2059
 5253
 5461
 4245
 5042
 6589
 8641
 7709
 2425
 5467
 8162
 5674
 3711
 2273
 5047
 3364
 7309
 5535
 1996
 224
 8123
 4730
 7455
 4531
 901
 7752
 7684
 3858
 9395
 1443
 9368
 2532
 6696
 4828
 6777
 2817
 1416
 6496
 1604
 4920
 1963
 9766
 593
 5674
 3118
 5640
 9039
 426
 1175
 1034
 1729
 9298
 6844
 263
 4907
 8824
 8015
 3669
 2681
 8488
 5113
 2048
 1019
 2887
 7955
 8876
 6783
 450
 5371
 8388
 5370
 7334
 9232
 5964
 3008
 2349
 2682
 3125
 3855
 4936
 5238
 5584
 5312
 2081
 6926
 1297
 1983
 4940
 4967
 4665
 3427
 1158
 7792
 5526
 4045
 5747
 4401
 828
 7276
 9772
 294
 2645
 7106
 9526
 9688
 1192
 2954
 2370
 5396
 6809
 7306
 633
 3471
 3697
 2715
 397
 4994
 5777
 6416
 9961
 441
 922
 2197
 9313
 6448
 6243
 5059
 848
 8150
 2334
 1698
 8444
 6058
 9883
 9048
 5746
 1074
 2001
 8116
 6470
 9889
 6500
 8183
 3360
 196
 1976
 4836
 6270
 7753
 2330
 7309
 9274
 3252
 9507
 8586
 778
 5749
 4723
 2705
 4977
 8136
 4404
 4499
 4193
 4286
 3546
 9939
 6440
 5548
 9133
 2909
 5436
 6712
 2170
 9875
 7987
 4146
 5789
 4256
 1899
 8120
 1565
 1172
 2450
 1071
 9758
 3229
 7899
 5559
 7013
 2875
 3694
 1416
 7374
 7887
 5703
 1998
 8905
 2142
 7546
 9116
 6130
 4061
 5827
 8301
 3935
 4893
 2446
 9725
 9149
 5424
 8923
 713
 6596
 2451
 2863
 7432
 6759
 761
 2990
 3772
 4715
 7763
 5188
 3167
 6729
 890
 5166
 6712
 4111
 2711
 5827
 1320
 6772
 2733
 699
 1786
 7626
 3145
 2589
 7853
 8570
 1511
 8567
 6244
 3962
 2508
 4755
 1800
 3270
 8824
 5572
 9064
 6587
 759
 2231
 3315
 2729
 7397
 1105
 7919
 1186
 6932
 9239
 9038
 743
 9938
 823
 9448
 4162
 3412
 7301
 3810
 6002
 6946
 1132
 1042
 9454
 5887
 2842
 2723
 4711
 8414
 2866
 1297
 9174
 5097
 5691
 2981
 3572
 6796
 899
 4758
 4806
 1217
 3795
 6629
 1154
 4618
 6076
 6395
 9109
 3376
 204
 5110
 321
 1337
 6153
 9776
 7224
 8995
 3577
 3013
 7409
 6443
 5389
 7661
 1539
 1079
 1720
 6190
 8954
 2619
 948
 4839
 3836
 5822
 1467
 6070
 1519
 7543
 2464
 627
 919
 3748
 6817
 2319
 6164
 2969
 3173
 4466
 3042
 6751
 7480
 1529
 4272
 2868
 268
 6891
 5027
 1988
 3080
 5059
 5687
 4028
 9898
 9523
 9851
 1364
 6671
 2448
 9987
 214
 3075
 1984
 3962
 9892
 4303
 1204
 3939
 7477
 5670
 6982
 5306
 3149
 9590
 9578
 7097
 9859
 6468
 3202
 1846
 9549
 8261
 7533
 4655
 8159
 8135
 5584
 601
 5884
 8032
 587
 6098
 1107
 2571
 1138
 2077
 6875
 2342
 7096
 5430
 8013
 5156
 735
 2240
 4745
 1391
 9337
 4603
 7860
 2538
 7529
 8487
 1878
 6140
 3141
 36
 4274
 9805
 637
 158
 7836
 2304
 7335
 21
 4875
 8474
 3178
 2828
 1894
 273
 9337
 9907
 5429
 71
 3226
 173
 1463
 2562
 5856
 401
 6180
 3384
 9967
 8058
 9524
 3107
 9173
 4877
 3990
 888
 6114
 1826
 3192
 3448
 2926
 9147
 3000
 6104
 1974
 4895
 6377
 1311
 5880
 2884
 2461
 9106
 4137
 5003
 2747
 9993
 6483
 5
 4455
 6449
 9142
 5057
 635
 8314
 1012
 4625
 280
 7126
 7530
 4552
 1653
 456
 3698
 5732
 6560
 6751
 1705
 4016
 9141
 8665
 7979
 2681
 7770
 2115
 8763
 1595
 3186
 5246
 2679
 8720
 2773
 1820
 4856
 3408
 1212
 5868
 9113
 2572
 4073
 6642
 7124
 6805
 8177
 1900
 3615
 5816
 8651
 5321
 910
 8871
 3985
 8889
 1551
 2833
 2083
 313
 5508
 5269
 6638
 8187
 5068
 9412
 7
 9924
 3898
 2298
 5791
 3010
 4870
 9864
 731
 1993
 7747
 8908
 3893
 1362
 4723
 3623
 6683
 5633
 2493
 1746
 4522
 5123
 5658
 6605
 6515
 1165
 2952
 3153
 9353
 8020
 2564
 438
 7943
 6462
 2736
 4813
 551
 8686
 5755
 1282
 1757
 3502
 189
 6730
 5943
 4913
 352
 3704
 545
 3924
 5450
 6146
 125
 1107
 3829
 6640
 2273
 7861
 9793
 2704
 5880
 3435
 3142
 4902
 976
 6957
 793
 1527
 5642
 6548
 2809
 7400
 1128
 4077
 5208
 8150
 8990
 5560
 1853
 614
 562
 8382
 7839
 687
 568
 1668
 7327
 3920
 9529
 8199
 6624
 6487
 1633
 844
 2467
 2609
 7801
 3260
 5215
 3443
 887
 9103
 1921
 3094
 3180
 7129
 1244
 3248
 3767
 4176
 3862
 5408
 2558
 2780
 6095
 3126
 4448
 4500
 7046
 5055
 2698
 4748
 1541
 5411
 5592
 4009
 9099
 3392
 8348
 4314
 7914
 9235
 4495
 913
 3408
 7675
 8042
 4652
 923
 2887
 8828
 5864
 8295
 2464
 9723
 5468
 6669
 4170
 9969
 4793
 9225
 3745
 9541
 1845
 234
 5132
 5854
 412
 9604
 4201
 5805
 7517
 4515
 299
 9510
 7923
 7975
 7551
 3653
 9977
 1517
 3559
 6919
 9812
 6024
 6642
 5280
 3771
 1890
 6327
 8565
 2194
 1150
 8105
 4039
 1385
 4316
 971
 1797
 4998
 5172
 7602
 3593
 765
 8980
 3102
 8688
 8033
 1732
 3419
 8009
 3249
 6979
 6007
 4139
 4081
 3727
 497
 7852
 5617
 6824
 6416
 7811
 9054
 5600
 1849
 1517
 994
 2820
 3314
 5992
 9072
 1994
 663
 915
 2052
 3766
 9604
 85
 5498
 4101
 8094
 9826
 1079
 5179
 3964
 6239
 8906
 4462
 4091
 4523
 2364
 1585
 3412
 1417
 8264
 6341
 2934
 9258
 239
 7327
 6328
 389
 399
 6992
 1305
 2452
 1836
 1987
 2537
 7334
 6088
 1709
 7159
 8247
 6889
 2201
 4485
 6873
 6663
 8576
 2474
 106
 1240
 5887
 1523
 9504
 3306
 5537
 9841
 3545
 3942
 7247
 5014
 4342
 5317
 6319
 7873
 7153
 8306
 409
 4486
 5472
 3197
 2723
 3718
 85
 4925
 8204
 6959
 2666
 7858
 511
 2772
 176
 6398
 5375
 9681
 782
 1990
 599
 5407
 5932
 7846
 420
 273
 4242
 6739
 8146
 1394
 6123
 9634
 5881
 1594
 2831
 9683
 6392
 3995
 5686
 4595
 2032
 8353
 3531
 2544
 2203
 3708
 20
 8657
 4467
 803
 646
 6145
 6210
 6579
 5069
 6630
 7931
 9311
 4447
 7156
 705
 569
 6789
 7665
 3242
 698
 7347
 9634
 4694
 3033
 5307
 7805
 2464
 8839
 348
 5746
 3625
 369
 4403
 9171
 2251
 5049
 5315
 8461
 2706
 383
 6169
 637
 9695
 615
 7793
 1478
 1184
 5660
 9143
 4426
 6359
 7568
 4060
 2131
 1679
 445
 9936
 4143
 9284
 284
 968
 3987
 1732
 5371
 3157
 3983
 1498
 9551
 2443
 4205
 9935
 8612
 4842
 707
 305
 2634
 2185
 1489
 9373
 2406
 6994
 5731
 9974
 1053
 7862
 1653
 1499
 8877
 5796
 1861
 9161
 7843
 6928
 1971
 3213
 1163
 5954
 4712
 714
 9476
 9996
 1727
 9166
 4837
 3513
 9471
 8550
 5698
 2038
 7922
 8104
 9032
 4732
 9156
 1164
 2593
 808
 3742
 2548
 7684
 6682
 1708
 5526
 3609
 4758
 8740
 4773
 711
 4530
 6566
 1265
 4525
 9372
 430
 440
 2884
 979
 8990
 9661
 3017
 7990
 8843
 2049
 2721
 7998
 4292
 5315
 8807
 8034
 8942
 6490
 4715
 1729
 3094
 9404
 6487
 1833
 5255
 8278
 7442
 1820
 9543
 3045
 1191
 1052
 3485
 5154
 2031
 3553
 4814
 5049
 1543
 4735
 8177
 4264
 2732
 2468
 657
 2617
 501
 9600
 185
 6295
 1328
 3280
 5698
 7815
 5113
 952
 6092
 3634
 3851
 5635
 6679
 6121
 7766
 164
 1274
 9797
 3717
 7167
 5924
 6339
 1901
 5179
 603
 4634
 7647
 1260
 8330
 9227
 859
 8516
 6601
 2187
 1795
 2298
 1081
 6908
 4330
 7173
 1620
 8181
 3886
 8300
 4302
 1651
 9543
 5576
 2527
 4338
 3822
 8451
 677
 5723
 3630
 2359
 1435
 2355
 3619
 9766
 2661
 5558
 8281
 9262
 8824
 75
 1559
 9905
 8062
 5889
 8157
 9683
 5149
 2042
 9061
 9451
 4773
 9682
 6105
 7300
 5098
 9927
 6829
 6854
 6729
 1537
 9213
 8164
 3893
 3911
 7929
 7633
 9469
 6209
 6894
 8292
 7363
 9532
 9276
 5425
 5421
 7432
 6186
 1648
 552
 5246
 1098
 5325
 6006
 8282
 3703
 1103
 9288
 1611
 9037
 6016
 3148
 8249
 4179
 8120
 2159
 2108
 5752
 2706
 9396
 2645
 2077
 6759
 2177
 1352
 3262
 8677
 8784
 9448
 1403
 9336
 4693
 2501
 5740
 1777
 1861
 9443
 2880
 1148
 1053
 1916
 7164
 4202
 1244
 2422
 3400
 4482
 5609
 9153
 7189
 5004
 2876
 9266
 2841
 6132
 1696
 6103
 5887
 479
 5550
 7290
 9815
 1321
 869
 5554
 3098
 3810
 6076
 7058
 4958
 7129
 8974
 3201
 2409
 1296
 5623
 6889
 5779
 1231
 6041
 4046
 7314
 9996
 4390
 155
 6128
 6086
 6258
 3093
 7644
 2887
 1462
 8537
 4208
 2331
 4091
 7307
 6141
 1245
 4364
 2178
 9453
 4416
 5379
 1862
 6792
 2080
 8751
 3649
 3311
 5870
 7695
 1703
 5865
 3163
 1858
 3071
 327
 9196
 7244
 9050
 2082
 8706
 7586
 6290
 2115
 2755
 4675
 8257
 4000
 117
 1513
 3453
 4534
 6892
 6394
 2404
 50
 6223
 6053
 4440
 2092
 4826
 6143
 9036
 9068
 9081
 3186
 9395
 8276
 429
 8444
 1436
 213
 6029
 7726
 2328
 9864
 3480
 1663
 3863
 3597
 3176
 8395
 9210
 1146
 4788
 1613
 1196
 1010
 8745
 5636
 4181
 3570
 1779
 4296
 2637
 859
 7482
 3110
 213
 8990
 1553
 1649
 9203
 8662
 453
 1530
 9604
 3933
 3194
 3466
 8610
 6370
 1861
 8898
 7517
 7728
 1590
 8713
 8739
 334
 5428
 3998
 3905
 7207
 8294
 7621
 9145
 6854
 731
 9358
 5843
 3363
 1006
 5045
 3103
 1459
 7655
 2706
 5393
 848
 7252
 5081
 8297
 191
 3978
 6892
 7919
 5568
 6684
 7736
 5903
 2111
 1734
 886
 396
 1106
 9586
 9541
 7961
 316
 8898
 3803
 4759
 9904
 9928
 8941
 2441
 7582
 1647
 8913
 9509
 9978
 3993
 8884
 168
 9051
 5776
 9166
 4618
 3538
 6902
 1599
 5649
 9715
 3564
 7124
 820
 3150
 6664
 9860
 4545
 6640
 4742
 382
 7622
 4669
 9324
 62
 3329
 970
 8976
 3916
 2026
 4047
 2799
 2194
 3097
 9654
 1359
 7716
 3191
 9340
 393
 9919
 9054
 3958
 7042
 953
 8187
 3705
 812
 3810
 1423
 5554
 4193
 9045
 1301
 3516
 186
 4630
 5565
 9162
 8546
 7591
 4287
 2424
 9785
 7385
 2077
 2222
 6179
 5269
 1562
 7651
 6266
 615
 2687
 3308
 2647
 873
 8092
 4539
 4684
 9516
 1171
 8877
 9639
 2473
 2392
 9825
 8182
 9036
 64
 7807
 6626
 4352
 230
 6410
 2815
 3386
 9711
 8994
 9734
 1272
 7723
 6000
 2967
 410
 386
 5614
 1283
 8478
 1231
 7046
 9072
 2403
 7001
 8711
 5955
 471
 8535
 5215
 9507
 8600
 3021
 6132
 4030
 4330
 3620
 6845
 8796
 3331
 6917
 8529
 4603
 4639
 5607
 8649
 5049
 5993
 4263
 7412
 5550
 5494
 4457
 4621
 8976
 1458
 4410
 4930
 3008
 2945
 1224
 2515
 2623
 5324
 9726
 7732
 9655
 3346
 4576
 9529
 6677
 1492
 9136
 2358
 7210
 4743
 1007
 2259
 735
 6349
 9671
 7364
 2921
 5206
 1985
 1897
 7743
 6395
 7906
 751
 418
 9130
 4345
 4120
 5533
 4070
 1851
 5187
 7416
 7506
 5794
 5171
 76
 4929
 8609
 7287
 9672
 9616
 9546
 1486
 7043
 294
 8850
 9964
 5500
 1913
 2939
 4322
 9388
 1924
 6152
 884
 2132
 496
 5005
 7665
 4566
 7935
 3930
 1982
 5441
 9724
 8232
 5517
 5732
 6840
 3882
 5403
 7534
 4506
 7968
 4576
 4800
 7897
 5619
 1379
 888
 9637
 5701
 275
 2639
 1852
 1160
 4772
 3427
 6165
 3515
 7993
 5178
 8525
 1053
 618
 9327
 9286
 7215
 5058
 7204
 1096
 1540
 4738
 5603
 9508
 392
 1481
 8483
 7090
 2860
 9372
 7806
 9640
 725
 444
 2570
 1885
 6295
 7076
 9129
 889
 5069
 4307
 9414
 6122
 6004
 8740
 6486
 4297
 3798
 4769
 5394
 6417
 585
 2075
 7003
 2056
 3556
 5486
 9147
 7496
 5936
 6952
 8214
 6661
 8475
 1863
 8547
 4770
 8939
 8754
 5659
 5086
 3060
 5072
 2287
 143
 4890
 8773
 4440
 9767
 4620
 912
 6183
 5205
 2987
 3186
 7262
 7623
 9751
 7487
 6197
 5686
 5517
 5489
 2346
 3991
 7352
 892
 8761
 7370
 9647
 5498
 2455
 3785
 1648
 4742
 3928
 6539
 4594
 9448
 6305
 9214
 359
 3567
 5498
 3347
 7832
 3838
 2048
 7582
 2403
 8245
 3267
 7920
 3733
 5613
 2989
 2164
 7585
 2829
 9534
 8310
 8327
 1988
 2094
 9976
 6731
 7102
 7593
 2403
 6549
 4976
 1616
 6908
 8543
 8193
 1333
 6374
 2030
 3381
 5034
 4433
 2704
 8301
 3431
 6438
 3914
 6421
 8602
 2577
 9250
 9214
 886
 8655
 1201
 4059
 8630
 9011
 2239
 7301
 2492
 9867
 2277
 5188
 7854
 1898
 3380
 9187
 9352
 6490
 3647
 4385
 2001
 6351
 3765
 5433
 3867
 7679
 1853
 3547
 1334
 2181
 2760
 3299
 835
 5041
 7358
 544
 5130
 676
 7845
 7623
 542
 1200
 2810
 8396
 4178
 7269
 8662
 3529
 3758
 2308
 8993
 5760
 9738
 2757
 1192
 4684
 1514
 4124
 9310
 2848
 7384
 3149
 6147
 9298
 8190
 4584
 9842
 4398
 5260
 8766
 3099
 5802
 9966
 5909
 5277
 5222
 4257
 3938
 9830
 8015
 7325
 8823
 3774
 8141
 2658
 6045
 2824
 4173
 1247
 2134
 8100
 9710
 6362
 5326
 9008
 4551
 988
 8849
 27
 6248
 8693
 3127
 3128
 9738
 114
 9484
 4959
 4371
 3421
 4789
 3465
 1824
 4690
 8318
 9966
 7348
 5442
 3868
 2599
 7768
 7081
 699
 7478
 3442
 7104
 6485
 9072
 8092
 6412
 9100
 5418
 5105
 3305
 9625
 4842
 4498
 9109
 9801
 9949
 3608
 5668
 3413
 6512
 357
 1730
 7556
 7706
 8251
 1423
 304
 6019
 8505
 2082
 3496
 1946
 264
 1059
 2097
 8356
 7471
 1196
 4852
 2575
 5580
 5556
 8496
 77
 5743
 9376
 25
 429
 5043
 4517
 6941
 5401
 7327
 4496
 4185
 5577
 6999
 5568
 1595
 5503
 7651
 5091
 8528
 7915
 6150
 624
 7350
 4700
 2899
 3280
 7275
 9558
 8836
 6850
 714
 5657
 6225
 739
 6087
 2346
 6336
 4106
 8826
 3662
 9682
 3010
 9239
 6680
 9658
 834
 3261
 7308
 7004
 2867
 6301
 3154
 4571
 4729
 7854
 8549
 9089
 6207
 8107
 9003
 4135
 8821
 4660
 1438
 638
 1825
 3785
 6974
 5931
 3689
 635
 5612
 7779
 9875
 3370
 7436
 1787
 6631
 5822
 8791
 9499
 2122
 3023
 5148
 7931
 1955
 3696
 7019
 9242
 1802
 6021
 3376
 1701
 1759
 5894
 2340
 3584
 9679
 392
 9516
 4446
 2107
 6206
 2224
 3060
 9577
 738
 4847
 7286
 6560
 3637
 7863
 9762
 7740
 3010
 7692
 9695
 6707
 5789
 8936
 9588
 1809
 3391
 2368
 3569
 9285
 4708
 8232
 41
 6179
 7747
 5566
 8286
 5032
 7791
 1345
 5687
 8529
 7271
 2972
 6168
 1987
 1914
 5929
 9727
 4924
 3620
 499
 2709
 487
 514
 3376
 2296
 3905
 5744
 6944
 4268
 1530
 5176
 5388
 7709
 4001
 953
 7074
 9033
 9823
 9498
 4719
 8352
 6769
 8771
 5598
 9835
 684
 1526
 9561
 6687
 6225
 1138
 9397
 6712
 1652
 3851
 86
 6636
 9595
 8110
 903
 1124
 3285
 7370
 9912
 8365
 8324
 8064
 7398
 8146
 7562
 3195
 7576
 5409
 1965
 3173
 5243
 3728
 5778
 5882
 415
 2002
 7020
 890
 9793
 8673
 4741
 9880
 5308
 4335
 7989
 7291
 6538
 2352
 4660
 7528
 716
 2983
 5592
 9193
 2208
 3153
 2388
 9784
 9641
 5432
 4036
 4883
 9161
 9814
 764
 9576
 1816
 8863
 465
 1608
 7535
 5206
 2566
 3922
 619
 554
 2291
 7157
 2906
 6951
 4684
 4702
 1013
 1354
 3894
 3221
 5586
 6282
 4083
 5226
 1714
 8119
 1187
 874
 7933
 3030
 1528
 827
 1893
 1993
 3514
 506
 8278
 6081
 4428
 8897
 7714
 7798
 7132
 1699
 4749
 2894
 6401
 6841
 4249
 294
 1140
 9835
 7656
 5223
 6140
 448
 4421
 7327
 2401
 3432
 357
 3929
 4259
 2250
 7001
 8852
 2756
 5278
 6011
 8264
 5253
 3725
 6061
 3463
 6503
 1888
 6357
 3982
 8729
 1684
 5355
 9869
 2598
 3010
 6171
 8738
 4537
 591
 7143
 6938
 5102
 7500
 866
 9361
 828
 7867
 9291
 4664
 4223
 5302
 4006
 9476
 105
 66
 2938
 7687
 3034
 374
 1668
 2841
 3137
 7023
 3789
 5735
 1112
 9960
 5551
 5649
 1629
 2694
 2587
 6731
 1272
 4532
 7170
 2101
 3478
 6460
 6765
 7701
 2840
 770
 7177
 4024
 1915
 1193
 1710
 6028
 2646
 3378
 8870
 5784
 1480
 2658
 1518
 2592
 3696
 8149
 9320
 6404
 1921
 2985
 3134
 3193
 7518
 1382
 5294
 995
 8921
 3137
 9775
 1761
 4986
 8030
 6864
 6902
 9224
 8575
 4008
 1869
 1952
 2877
 7653
 4511
 5535
 250
 8182
 309
 9478
 7502
 6713
 1398
 1565
 925
 5670
 9083
 3386
 2043
 1156
 2307
 5180
 2010
 5147
 1245
 39
 2010
 9226
 9263
 1663
 3233
 2211
 3616
 6111
 942
 9206
 2724
 1192
 7388
 4113
 1748
 4889
 825
 3146
 6454
 2830
 9896
 6616
 6216
 1938
 8851
 9602
 8197
 860
 5827
 9442
 900
 8917
 8667
 1241
 579
 1900
 3452
 5274
 9090
 4395
 4480
 1813
 6666
 1867
 5926
 8415
 7835
 7831
 2639
 5367
 1739
 2534
 3061
 9034
 5551
 2991
 8636
 3748
 4930
 5541
 3189
 6909
 4457
 2935
 8151
 5037
 5914
 2681
 1389
 5003
 8155
 5869
 7895
 4821
 8815
 4900
 4314
 7728
 3809
 8032
 4174
 5548
 1645
 7235
 4581
 7196
 1304
 4295
 2022
 6235
 9837
 6291
 3143
 5372
 9226
 2372
 1487
 5139
 6133
 2877
 1220
 4287
 9825
 193
 9108
 8640
 5093
 4500
 7446
 8902
 2532
 1619
 5528
 5256
 8855
 1188
 2451
 1237
 5483
 5553
 7472
 6398
 1843
 1694
 2849
 2147
 5145
 4336
 8365
 1277
 7213
 9585
 5565
 8117
 9778
 5751
 6756
 5950
 251
 4201
 5930
 3862
 6900
 1458
 9118
 6833
 2646
 2647
 8070
 9208
 9279
 6621
 6685
 1121
 9394
 9534
 3268
 4538
 4948
 1632
 5816
 3240
 2295
 2459
 1356
 2073
 8210
 9191
 9102
 9540
 4470
 5031
 4480
 1369
 6489
 4676
 8202
 213
 8403
 7351
 500
 7681
 3971
 7185
 8803
 3364
 7797
 3149
 8981
 2744
 4782
 4796
 7063
 7077
 8334
 8419
 228
 7623
 7609
 9330
 7162
 3158
 4361
 2721
 4527
 1928
 7397
 3808
 2142
 6878
 1158
 2642
 4559
 6208
 905
 4440
 9572
 8702
 7589
 8552
 2524
 2370
 4427
 9588
 526
 2760
 9085
 1833
 1461
 6694
 1163
 8624
 930
 6603
 2423
 5457
 8531
 9820
 343
 1751
 6698
 1501
 4393
 2335
 7709
 6377
 6775
 8359
 5078
 4363
 7990
 8682
 7813
 2416
 8269
 9418
 6255
 7353
 1250
 7717
 5125
 2413
 7419
 6055
 94
 9842
 2591
 8626
 739
 4013
 376
 8516
 5515
 5849
 1929
 4302
 3304
 8704
 3740
 8383
 4146
 1729
 8143
 1958
 5224
 7490
 1375
 2557
 5921
 2625
 1352
 2125
 6118
 9850
 9259
 6212
 769
 1849
 5916
 2588
 5863
 7372
 2182
 2456
 4299
 4112
 7837
 7603
 2815
 2655
 7064
 6961
 5463
 5206
 9998
 1765
 3774
 1372
 5402
 9696
 5077
 6754
 1820
 2273
 7683
 1078
 9564
 8452
 4007
 5480
 1039
 948
 3930
 4301
 4483
 8229
 8413
 2319
 5831
 1227
 6054
 3974
 9268
 1516
 9180
 9265
 3282
 2954
 1716
 8684
 3728
 7872
 6516
 5548
 144
 4198
 7705
 9708
 3729
 1711
 5187
 5847
 2659
 9117
 147
 8221
 8424
 8560
 540
 5334
 866
 7673
 9308
 1212
 9189
 9566
 1555
 3549
 3598
 3271
 3311
 7326
 1142
 906
 3952
 2365
 6183
 1657
 2073
 9912
 3368
 8339
 6838
 7107
 7456
 6985
 5327
 6958
 6624
 6946
 2291
 8569
 5697
 2677
 859
 4886
 2243
 2414
 9514
 5841
 6765
 3904
 4246
 8986
 4810
 8198
 1351
 992
 9855
 3424
 1983
 4302
 1762
 9900
 2487
 296
 6884
 8893
 7255
 4586
 6918
 624
 4233
 2614
 3302
 5092
 7500
 5545
 7507
 8093
 2464
 4271
 1996
 6710
 4335
 7885
 4908
 5686
 8877
 5841
 9110
 1938
 1221
 1951
 1837
 3708
 2247
 9801
 2601
 580
 5465
 9519
 2284
 9699
 3211
 5586
 4790
 1790
 2209
 3375
 9883
 4673
 8725
 2957
 2462
 3060
 841
 8449
 8746
 796
 4289
 8935
 2735
 5511
 1964
 5651
 297
 4211
 6530
 3977
 5871
 1995
 4574
 8155
 2772
 7786
 4819
 7562
 9576
 7028
 2016
 536
 2779
 740
 3493
 5241
 4879
 4334
 4768
 4704
 5130
 136
 3638
 8944
 6726
 6681
 4595
 7023
 1970
 2203
 1000
 7841
 4198
 6653
 7074
 6970
 4438
 1892
 5611
 5092
 9999
 7627
 5628
 2778
 9446
 9121
 9098
 4325
 3454
 3866
 9029
 9664
 5081
 3745
 8607
 1806
 425
 4280
 8829
 2395
 6484
 907
 1315
 1760
 7561
 8389
 9810
 3077
 1360
 6499
 8170
 1358
 5204
 3797
 5215
 4649
 2918
 4313
 52
 7451
 9258
 159
 7114
 4338
 3904
 6800
 6144
 5408
 2158
 6051
 8883
 9721
 6959
 1276
 2560
 5598
 743
 2369
 8675
 2103
 8868
 7923
 4541
 4071
 1720
 9756
 9799
 5717
 5147
 9852
 4246
 4404
 10
 1360
 9821
 4994
 9239
 7043
 1480
 2475
 3094
 1441
 2196
 1131
 2717
 4756
 7808
 3461
 8204
 7561
 6643
 8150
 5484
 1183
 2220
 8283
 939
 3097
 3999
 6086
 2948
 8245
 1569
 4038
 683
 2468
 110
 1000
 590
 2669
 3476
 4763
 4111
 5672
 5894
 7907
 1506
 4780
 2446
 9710
 2340
 9090
 7859
 8903
 272
 1157
 7185
 1211
 4254
 2262
 8377
 8282
 507
 1024
 3398
 2269
 3492
 4587
 3270
 4082
 7256
 7825
 8845
 2445
 3496
 5817
 1431
 6081
 596
 3877
 6869
 4016
 2966
 4727
 2918
 3239
 6963
 103
 5529
 1216
 2365
 3905
 576
 3951
 4929
 3974
 7300
 9501
 9640
 1648
 4661
 7975
 9473
 3506
 419
 4047
 401
 2929
 127
 998
 6807
 6996
 6093
 851
 2801
 9011
 5169
 9764
 192
 698
 2058
 3637
 5682
 2635
 7588
 1690
 7688
 5966
 1190
 7328
 7614
 5851
 5302
 7086
 435
 6800
 1132
 837
 9730
 2338
 2914
 7615
 412
 9007
 9545
 3213
 8017
 4714
 4055
 9289
 5412
 6114
 2925
 2172
 9828
 1591
 3862
 7515
 7558
 6131
 5921
 5171
 3061
 1222
 3336
 3496
 9102
 4468
 4333
 9910
 7886
 8326
 7524
 8298
 7332
 7068
 1511
 6428
 1781
 6645
 5716
 8272
 2758
 9720
 444
 2585
 1310
 5385
 1179
 9947
 1516
 7100
 5118
 4577
 9402
 8454
 9152
 8503
 4000
 4564
 9491
 1885
 2889
 7014
 183
 1300
 5160
 2773
 7728
 8021
 9418
 4522
 7371
 3255
 4241
 8894
 6919
 6630
 4279
 8098
 6577
 6874
 6277
 2773
 2529
 6757
 1226
 1680
 6338
 6305
 7323
 5828
 8191
 212
 2841
 9453
 2591
 9080
 3304
 318
 8179
 3800
 5919
 5550
 7055
 159
 4443
 3974
 7868
 9801
 3150
 4444
 6674
 505
 7217
 281
 7262
 9522
 1962
 3599
 5827
 363
 9427
 5096
 575
 3346
 5627
 3166
 2426
 8931
 4563
 1683
 2730
 481
 7233
 864
 1719
 2755
 4838
 9588
 2555
 9067
 5110
 308
 9573
 2327
 589
 6834
 2927
 3630
 1512
 8754
 3994
 938
 4928
 5648
 4285
 554
 9894
 7790
 563
 5535
 9473
 3294
 6017
 7785
 5237
 7736
 539
 1153
 8402
 4173
 219
 3512
 5560
 870
 6918
 7229
 7705
 9845
 1937
 295
 9678
 7010
 1233
 4605
 2658
 6597
 6239
 3630
 5465
 6802
 9165
 4938
 1174
 6260
 3801
 6411
 5075
 5419
 7564
 3476
 670
 8863
 6988
 7310
 9733
 4984
 4538
 8516
 4829
 6475
 8811
 4506
 4564
 44
 189
 7222
 7720
 6428
 1930
 3185
 3230
 1094
 9202
 5483
 7355
 3002
 1894
 3508
 9500
 536
 6984
 169
 9399
 5051
 7479
 9132
 34
 3095
 7647
 5942
 649
 6458
 447
 5213
 7581
 637
 3513
 5300
 8144
 5443
 9564
 2452
 7616
 8765
 7936
 6049
 2845
 908
 9557
 2344
 1444
 6541
 3593
 843
 2670
 2150
 9975
 3783
 5246
 8700
 9726
 5895
 6236
 172
 1107
 3816
 1888
 5699
 195
 1111
 1141
 9759
 3563
 8757
 9603
 1498
 5885
 2447
 2406
 5441
 5871
 3851
 3060
 542
 5773
 5730
 2692
 6826
 592
 7938
 5525
 317
 4911
 1761
 489
 6018
 6656
 3457
 2795
 6851
 4568
 3936
 7689
 8131
 3772
 7291
 708
 9657
 816
 4193
 6176
 7766
 8044
 9237
 8308
 4895
 6045
 1000
 1720
 6637
 16
 8325
 6954
 4928
 85
 8523
 2024
 7820
 3058
 4820
 5750
 8705
 9835
 3438
 6835
 3606
 1807
 8622
 4341
 3702
 2815
 517
 1468
 1937
 832
 854
 6833
 7956
 2933
 8553
 5672
 2950
 6877
 3704
 8957
 8041
 3305
 980
 6940
 6363
 6879
 2689
 5067
 6714
 7206
 2981
 1398
 9013
 1602
 5740
 3793
 5496
 7336
 5261
 7434
 9247
 7195
 4266
 7202
 127
 3897
 2873
 3077
 1853
 7657
 3112
 972
 961
 4093
 7912
 7325
 971
 1679
 3470
 8764
 8885
 6451
 162
 8976
 9133
 5902
 2769
 4628
 4316
 9109
 3140
 3562
 6303
 8485
 763
 6431
 2382
 4716
 586
 5314
 2372
 3699
 6286
 3333
 8871
 5277
 1736
 9842
 6956
 6286
 9685
 5841
 3815
 9847
 5895
 4026
 5748
 8664
 8655
 63
 7773
 2873
 4704
 4075
 1358
 6546
 1584
 4819
 1261
 2171
 132
 4712
 5870
 7497
 9125
 4740
 2773
 1939
 5660
 808
 8225
 5344
 7728
 2040
 6269
 3622
 6066
 2016
 3365
 5799
 3158
 1137
 9752
 8941
 6291
 1109
 5487
 7876
 7007
 7827
 1125
 8218
 2539
 8074
 5714
 2742
 2813
 9567
 5760
 9552
 374
 3985
 5975
 9181
 7104
 2243
 2802
 4248
 5339
 6167
 1126
 9576
 8383
 1956
 8517
 4674
 3065
 4003
 3628
 1150
 1829
 4753
 9368
 5447
 2826
 5081
 9268
 6718
 5726
 5028
 7348
 7179
 91
 4401
 6359
 8274
 7724
 9162
 3600
 3062
 6407
 4726
 2637
 4790
 6682
 2232
 542
 825
 6235
 5249
 1975
 9144
 1080
 1342
 5669
 4985
 7503
 6016
 1702
 3228
 1043
 128
 407
 2213
 4530
 7845
 486
 2253
 7006
 4086
 6394
 3413
 9892
 109
 9282
 7652
 2342
 902
 8478
 9656
 6151
 1531
 9878
 7231
 3953
 6626
 2215
 2534
 2641
 4996
 6841
 3684
 6203
 8327
 5897
 1811
 6172
 7462
 5143
 3177
 1547
 1536
 7669
 1438
 1646
 8029
 9091
 5067
 8931
 8647
 4722
 6160
 1256
 5679
 3390
 6288
 2304
 6684
 8822
 4945
 2758
 6742
 9708
 8962
 5068
 6683
 772
 1239
 4144
 5916
 5496
 5691
 8531
 4243
 8209
 1255
 2272
 8378
 6322
 2281
 8103
 2123
 8442
 9359
 8881
 2910
 5647
 1184
 673
 5547
 6129
 3431
 2288
 6915
 2392
 7357
 3597
 4244
 9675
 7741
 1238
 5170
 4510
 9769
 492
 2718
 1024
 2764
 1095
 8425
 6124
 9198
 1626
 5644
 9636
 506
 9634
 6361
 1690
 306
 1907
 8898
 4816
 5275
 5812
 8288
 2631
 487
 2531
 3384
 8228
 3769
 8555
 2738
 4616
 9047
 6535
 5640
 2889
 8710
 5144
 91
 8986
 6770
 6815
 8621
 7277
 6448
 4981
 45
 7833
 7968
 22
 2648
 3242
 6913
 935
 6952
 7401
 4545
 335
 5628
 9393
 9969
 9445
 4009
 93
 7059
 727
 4061
 5768
 5871
 4153
 4753
 3720
 967
 4453
 996
 8494
 9434
 2120
 6326
 8480
 3221
 52
 2800
 134
 2067
 9752
 7535
 6612
 1166
 4241
 6005
 2213
 4765
 13
 2307
 1823
 1819
 7447
 7591
 7691
 1599
 3422
 1410
 3645
 7875
 3485
 2138
 8388
 6684
 9543
 6867
 9906
 9596
 9668
 39
 1662
 497
 8653
 9353
 1663
 3972
 6436
 3877
 8737
 7528
 7263
 1638
 9348
 4709
 307
 7038
 7388
 3730
 9527
 1032
 1604
 3011
 4250
 9992
 773
 4871
 6859
 678
 4466
 7605
 1796
 7207
 8102
 1527
 7639
 9766
 5500
 4074
 4721
 5315
 1602
 1983
 8033
 949
 6692
 8340
 7987
 4079
 2069
 8592
 6191
 4753
 1602
 440
 4744
 3454
 6390
 2681
 4133
 856
 285
 7008
 9142
 9467
 8536
 6780
 310
 5114
 854
 5031
 428
 3535
 7014
 8461
 4484
 4784
 6801
 3549
 8864
 9949
 2140
 6133
 4701
 4821
 7652
 524
 8275
 4041
 3205
 3486
 5976
 4570
 494
 5118
 5115
 9030
 2976
 5425
 4143
 4909
 455
 5650
 8444
 8548
 5190
 4006
 3331
 3069
 7555
 3273
 3017
 9695
 9406
 8798
 5594
 8136
 9322
 3869
 2177
 3605
 7355
 8153
 9254
 8928
 4349
 4368
 7957
 8405
 9793
 3178
 3313
 1326
 9908
 2836
 9874
 5097
 6842
 4284
 8166
 5476
 8636
 1182
 6249
 9121
 1058
 1843
 7256
 379
 6791
 9433
 5064
 5224
 8665
 4317
 4152
 3013
 9765
 3187
 2496
 635
 7445
 6889
 1962
 7352
 9725
 2914
 2448
 7645
 8277
 613
 3120
 6913
 2874
 448
 6033
 3933
 2291
 4367
 5391
 160
 4879
 1533
 5384
 3543
 6930
 9536
 7635
 6694
 2723
 131
 7329
 1246
 7020
 369
 8598
 7823
 4363
 1045
 5467
 2639
 2737
 9667
 9552
 6690
 1193
 6663
 1701
 3484
 1030
 7093
 3644
 6988
 9705
 106
 530
 6634
 9643
 9244
 3327
 3444
 9375
 1735
 4690
 7473
 3183
 4366
 5295
 7546
 5411
 1841
 185
 9227
 2586
 815
 5916
 3779
 8558
 7618
 8342
 666
 5789
 3064
 7654
 6572
 3170
 9263
 3206
 3891
 8506
 7612
 8414
 8960
 425
 4182
 6432
 3609
 8548
 2806
 2233
 5037
 5726
 3497
 4263
 8312
 5392
 1258
 3169
 3949
 9955
 2589
 5694
 6822
 5653
 4426
 3393
 9902
 3688
 6599
 3793
 3272
 5290
 3285
 2231
 5715
 7468
 9743
 402
 6015
 2548
 2636
 1052
 8274
 7212
 6394
 7664
 2603
 7652
 832
 7631
 7606
 3421
 4403
 4427
 152
 8829
 7821
 53
 3595
 5498
 4925
 6868
 787
 8211
 177
 7582
 6757
 9920
 7984
 2771
 2467
 1698
 3823
 1819
 9990
 217
 9483
 3671
 8948
 1393
 1302
 6554
 4814
 6784
 2059
 6045
 5613
 958
 7178
 9208
 6457
 2102
 7154
 8323
 1391
 7332
 5904
 8148
 7251
 4967
 1998
 797
 6665
 6900
 2616
 7733
 8196
 3178
 1404
 7144
 5650
 2706
 4776
 1543
 9490
 6835
 7588
 6181
 7794
 4765
 6468
 5329
 7947
 3621
 3651
 416
 2031
 9556
 8565
 9283
 4522
 1641
 1158
 2265
 8541
 4853
 9999
 6737
 8031
 1402
 3880
 3681
 5187
 8656
 6303
 5755
 6569
 3890
 1936
 5441
 8656
 9483
 769
 7681
 3103
 4421
 8097
 5135
 3976
 7740
 5496
 9577
 9381
 6654
 1841
 7922
 1506
 2918
 5737
 616
 5399
 695
 5376
 585
 9351
 1678
 6341
 6998
 5568
 9356
 2439
 5302
 8838
 3208
 4061
 3019
 8708
 2158
 9233
 2683
 9898
 5807
 3338
 357
 3539
 6259
 9358
 5046
 9177
 5094
 6741
 4576
 5789
 2116
 6240
 6218
 4873
 3659
 3215
 1519
 4093
 6733
 7901
 2930
 1020
 1961
 7029
 9728
 4119
 7340
 3490
 5096
 3147
 6828
 5453
 7765
 4165
 4810
 2810
 3342
 982
 629
 8997
 6771
 2745
 6315
 4067
 8697
 9975
 8361
 216
 4067
 5094
 8117
 8077
 6114
 77
 6184
 6920
 4197
 4602
 409
 371
 8828
 8317
 5824
 6593
 2481
 1712
 9403
 5823
 2694
 32
 5898
 9465
 3856
 3292
 4610
 2553
 4345
 2970
 2769
 8412
 8064
 1964
 7567
 5256
 2041
 3750
 2176
 7317
 8353
 3664
 7688
 7180
 1980
 4590
 4851
 4462
 6302
 4254
 1363
 8996
 5365
 7262
 9539
 299
 1632
 4148
 2852
 5977
 7119
 6700
 5467
 6261
 9743
 3034
 1517
 1784
 7863
 4772
 179
 7294
 8436
 7868
 5553
 416
 3536
 403
 4878
 9839
 5736
 6241
 8834
 1100
 4581
 9452
 1400
 6213
 3599
 5331
 3268
 1796
 3110
 8736
 8058
 2852
 1769
 653
 5715
 710
 6504
 6974
 8005
 4939
 4841
 4636
 6434
 9456
 5039
 1311
 9294
 775
 8632
 9207
 2954
 3212
 8658
 5433
 504
 3335
 1843
 4851
 6211
 4953
 3586
 5347
 8884
 6434
 6000
 5678
 7145
 3582
 2651
 5149
 8521
 8571
 9785
 4955
 8026
 5902
 7345
 8399
 6677
 5976
 7605
 710
 267
 7341
 6143
 1850
 675
 7986
 6701
 7965
 4017
 1366
 3311
 3980
 7800
 389
 736
 4944
 3971
 4466
 1171
 3571
 3036
 2034
 8526
 2140
 7937
 6949
 538
 5692
 2925
 8143
 7481
 4271
 6562
 3624
 6121
 8317
 2688
 3900
 6281
 7785
 5266
 9593
 2843
 3066
 1060
 3579
 9089
 5032
 8045
 260
 8603
 2159
 3373
 8207
 5378
 2388
 5155
 5917
 9160
 9159
 5138
 6640
 3429
 1700
 1342
 628
 16
 4031
 4529
 6297
 2894
 9795
 6968
 5737
 3939
 8029
 394
 3028
 4139
 9518
 3288
 2741
 1676
 7740
 2026
 7054
 128
 8260
 4049
 9288
 7419
 9188
 5927
 847
 1966
 7270
 1476
 3061
 2379
 7084
 436
 6352
 6878
 8484
 2088
 1896
 6512
 2482
 4924
 1729
 3078
 9291
 5549
 4754
 7030
 7575
 2886
 7158
 5834
 6936
 7524
 4331
 7202
 3451
 5179
 246
 1799
 7734
 3307
 5257
 4817
 4822
 1608
 2773
 3305
 4775
 4669
 895
 8336
 671
 2624
 1413
 9962
 8173
 6167
 6992
 5747
 131
 5228
 2660
 7067
 2752
 6991
 5347
 7282
 3248
 5593
 9081
 2060
 9979
 5416
 7956
 4801
 7024
 729
 9185
 1798
 6477
 80
 133
 7149
 2704
 2625
 7110
 1956
 8792
 5180
 8782
 8923
 408
 1441
 7069
 4239
 9512
 2415
 1520
 2759
 9088
 600
 4820
 9066
 7095
 2775
 4945
 4118
 4583
 4130
 6995
 2139
 4210
 8207
 366
 7993
 831
 8555
 9949
 701
 3735
 8731
 702
 5222
 1250
 7771
 9461
 761
 1265
 980
 4600
 352
 2659
 498
 496
 9754
 4352
 5442
 3871
 8936
 650
 1944
 2153
 4860
 150
 2519
 3931
 2060
 1073
 3880
 2761
 4808
 3689
 3463
 1108
 4939
 2313
 568
 5701
 4657
 1548
 300
 6088
 5286
 1877
 6584
 5039
 6229
 3104
 9989
 5164
 3754
 3011
 8396
 9693
 3161
 914
 3624
 5221
 1988
 7504
 9061
 7875
 1192
 2524
 8984
 7210
 5916
 630
 2910
 572
 3258
 4289
 6660
 8544
 6166
 4322
 4662
 2395
 8506
 4650
 8638
 2259
 7662
 7034
 1952
 1901
 9027
 6655
 8202
 2093
 5237
 7262
 1047
 7508
 864
 1109
 4717
 7859
 1739
 7628
 8431
 4997
 2995
 6169
 4620
 240
 1570
 9282
 2635
 75
 5010
 2351
 2334
 3750
 463
 5365
 5652
 9491
 3098
 3853
 2662
 8335
 2193
 3709
 5842
 3058
 4818
 559
 916
 7637
 9266
 426
 3712
 2260
 7674
 8332
 2500
 9244
 8692
 6214
 9319
 3702
 9645
 2732
 7452
 107
 9176
 3103
 676
 2274
 8035
 3339
 1687
 1307
 8127
 7530
 5444
 4024
 9168
 7439
 1660
 8433
 7865
 5372
 1771
 6618
 4783
 5351
 5861
 3474
 1564
 6259
 7176
 2287
 8991
 5707
 2395
 9245
 9889
 3071
 2597
 7924
 7489
 4285
 309
 5616
 2893
 5753
 9640
 3139
 3191
 2378
 2650
 2135
 8829
 4421
 8753
 3611
 850
 5692
 7086
 3494
 1950
 5340
 5781
 2019
 1046
 8176
 2343
 935
 2326
 4940
 9938
 9815
 303
 1325
 6509
 4275
 7078
 7227
 7414
 1347
 683
 63
 4561
 9513
 5564
 3313
 3123
 6414
 84
 1287
 9908
 2034
 7707
 5689
 5133
 9832
 3864
 7476
 1845
 7269
 2415
 1782
 8163
 3798
 4186
 4671
 8073
 1263
 2977
 6566
 3690
 3660
 7708
 8251
 4251
 3271
 2643
 8454
 9686
 2727
 9741
 671
 5840
 8526
 6360
 972
 8358
 1303
 8448
 202
 8572
 1942
 3064
 7813
 6819
 7250
 2484
 5970
 9593
 6540
 2535
 3282
 1278
 243
 2611
 5530
 4593
 6333
 3983
 5357
 9060
 4802
 6029
 5979
 3328
 3467
 6951
 1685
 4770
 6478
 2966
 4421
 9499
 6030
 2233
 6317
 3280
 5796
 2286
 3951
 3414
 5901
 8312
 4693
 7223
 922
 1301
 1815
 7256
 5284
 7173
 7394
 1164
 4280
 4451
 4492
 7747
 2481
 7256
 3596
 8959
 222
 9096
 9536
 7331
 2407
 6931
 1689
 8204
 295
 5640
 2696
 6196
 3951
 7389
 4497
 5953
 8690
 6313
 4287
 5052
 4564
 2759
 6217
 8844
 7211
 1787
 7669
 9692
 9044
 1264
 9729
 344
 359
 342
 7675
 2767
 7273
 9365
 2049
 7568
 6083
 4745
 4843
 1113
 3213
 9340
 8145
 2981
 6731
 3510
 8034
 1294
 6269
 5329
 1216
 4558
 7116
 8886
 5328
 6159
 149
 5056
 7582
 1588
 5398
 6336
 5434
 3749
 6779
 8562
 2396
 2861
 3306
 7239
 5053
 7598
 7657
 3197
 579
 5467
 6707
 9692
 7840
 4055
 5020
 9057
 8613
 2135
 9021
 3941
 9374
 9170
 75
 6955
 1836
 6553
 3290
 8349
 301
 1147
 6910
 2697
 4009
 1295
 1014
 140
 8893
 9751
 3338
 550
 5217
 1123
 241
 4135
 6257
 5261
 3191
 4870
 7397
 2211
 9890
 7849
 2460
 1043
 4803
 5375
 7596
 9173
 3724
 8977
 319
 633
 2752
 5407
 1928
 4846
 5548
 1900
 4596
 9965
 2450
 891
 2166
 2692
 5026
 8424
 9032
 9297
 4372
 7507
 2586
 5340
 5355
 5046
 6383
 158
 1500
 5058
 409
 5224
 5113
 1807
 6936
 7865
 7215
 9944
 2710
 3841
 2922
 7306
 4884
 5372
 9276
 7050
 9143
 5381
 5473
 9254
 4677
 9845
 6760
 7263
 6263
 2115
 3388
 2646
 3352
 4888
 8783
 3761
 1190
 3895
 6647
 9205
 1759
 3861
 9148
 5549
 8781
 3148
 3933
 3664
 8521
 3209
 714
 8742
 8590
 7266
 7995
 3266
 8190
 5834
 1607
 4452
 7949
 4995
 7098
 1300
 961
 6959
 6140
 3230
 853
 3865
 2435
 3692
 7727
 2661
 9241
 7586
 5810
 3173
 1250
 5409
 6382
 3043
 4150
 6050
 308
 3224
 394
 8498
 9058
 2002
 2950
 8085
 8076
 1126
 463
 9038
 8086
 7682
 3346
 17
 1546
 5781
 3709
 9273
 9522
 4028
 7938
 6410
 7202
 9188
 1818
 4662
 3309
 7047
 712
 3617
 1349
 2185
 3194
 406
 4187
 6144
 8491
 2263
 8349
 32
 2379
 6434
 7714
 6804
 7531
 9261
 3664
 1239
 9612
 3185
 5268
 7549
 9595
 3548
 7815
 2491
 8210
 1123
 9538
 0
 5820
 887
 2186
 9014
 2372
 7452
 6236
 1942
 793
 4584
 1974
 3172
 2097
 9689
 9977
 9628
 27
 4719
 1945
 9639
 7904
 8292
 7188
 8577
 1839
 5002
 1067
 1128
 7205
 1683
 2207
 3024
 3649
 4393
 3116
 7101
 2924
 430
 9043
 3717
 5014
 2095
 7969
 8190
 2862
 9024
 8896
 2889
 3742
 841
 2528
 1645
 9133
 794
 1300
 972
 6875
 2367
 3179
 4079
 5129
 5386
 8182
 8779
 858
 2376
 5879
 3782
 2806
 6000
 7499
 7821
 8095
 5467
 7089
 2036
 4490
 5985
 4925
 8232
 6826
 8532
 955
 7037
 9326
 2255
 9088
 6201
 5701
 2266
 1358
 830
 7653
 619
 9609
 8511
 2995
 6566
 2292
 5802
 2565
 869
 4701
 1738
 6337
 1789
 3774
 1905
 7774
 9779
 137
 5678
 8310
 2171
 2715
 7636
 4427
 2881
 4915
 127
 5148
 7352
 2036
 3879
 7971
 2723
 3468
 966
 9289
 5760
 6768
 2932
 7708
 2547
 5750
 4044
 4336
 9524
 5950
 3189
 380
 7166
 9946
 8691
 9337
 3739
 7405
 4842
 6621
 2319
 6049
 1768
 749
 8085
 6726
 8721
 808
 193
 9687
 1175
 7032
 7533
 5187
 4739
 79
 936
 8784
 5494
 1538
 5812
 8683
 1919
 2977
 9708
 609
 3392
 3446
 9093
 8235
 66
 2490
 5362
 2913
 3239
 3446
 9639
 1959
 5333
 9832
 1645
 7588
 6863
 256
 2774
 2681
 335
 3710
 1464
 6909
 5248
 8355
 5591
 7167
 2410
 6377
 8855
 5802
 9824
 7947
 5115
 9890
 436
 476
 3882
 3676
 5002
 3520
 6714
 334
 4431
 8360
 7922
 2372
 9695
 1774
 5053
 30
 5484
 7596
 8018
 1811
 5950
 4687
 56
 9439
 1064
 8912
 6320
 887
 7937
 1434
 1855
 9453
 2990
 5737
 4207
 7992
 336
 920
 9405
 4767
 9280
 8406
 8218
 53
 179
 3271
 1162
 6743
 1945
 9180
 8554
 7896
 3866
 8610
 8413
 4930
 8600
 4732
 5817
 7616
 7246
 8752
 7068
 235
 5567
 1274
 9306
 5903
 2194
 8710
 1748
 2553
 8194
 9967
 2606
 8374
 4316
 3768
 6195
 6261
 4026
 4748
 5235
 7892
 4436
 3648
 2822
 4115
 8380
 9718
 2809
 5625
 9548
 9877
 6939
 5115
 2229
 6244
 2096
 5502
 6033
 3845
 9134
 4226
 4890
 2818
 3678
 9206
 7665
 9873
 5466
 1690
 5699
 701
 9583
 1214
 4349
 3483
 5329
 3807
 3200
 8138
 9433
 3827
 9093
 6371
 8942
 2400
 2615
 1037
 7902
 9727
 5961
 7036
 3952
 850
 932
 8710
 55
 8598
 9661
 5522
 287
 5360
 6223
 948
 6574
 1650
 4431
 2981
 5457
 8711
 2197
 4889
 2537
 2368
 2339
 1478
 4768
 6033
 3594
 3748
 5759
 9556
 1862
 789
 405
 2795
 9499
 461
 1392
 9160
 7062
 2758
 5598
 4363
 3707
 3250
 6013
 9217
 7310
 1469
 7927
 585
 7438
 1542
 2953
 855
 4099
 7721
 6888
 7694
 2547
 3725
 8328
 4410
 4514
 8733
 7205
 5092
 272
 9676
 5330
 7334
 3512
 2006
 1696
 8298
 5256
 7709
 7515
 3644
 257
 6520
 4229
 8774
 9142
 7182
 9629
 3240
 5981
 7595
 2012
 8528
 1319
 339
 4016
 6912
 9073
 2299
 3082
 423
 3053
 9491
 7758
 6566
 1496
 532
 4863
 7831
 8242
 3456
 1474
 9578
 1055
 6782
 9430
 196
 5042
 9058
 4515
 1022
 7731
 6528
 629
 128
 7946
 5724
 8119
 7018
 8024
 1201
 8521
 1076
 1770
 6278
 8721
 3267
 6810
 3584
 2176
 6130
 8119
 4730
 6786
 252
 2590
 6215
 448
 7633
 6351
 6043
 9734
 4081
 3649
 362
 4209
 1594
 7166
 3407
 9692
 5189
 4608
 8212
 7344
 7457
 4489
 6065
 1802
 2377
 727
 3979
 8508
 9925
 9788
 5293
 177
 2377
 2587
 625
 9
 8938
 7747
 9744
 3019
 1395
 1184
 8307
 2990
 8350
 1713
 2681
 4617
 7400
 892
 1961
 4857
 6460
 9105
 6659
 8837
 9832
 1716
 8423
 9756
 1503
 4795
 9933
 4960
 7382
 1637
 4969
 6319
 462
 5791
 416
 1858
 6976
 8724
 5927
 6404
 1515
 8608
 1021
 8916
 578
 4061
 3772
 7038
 3165
 1509
 6953
 4075
 3226
 5376
 4909
 5808
 170
 5921
 767
 8631
 7558
 6816
 4949
 8020
 2606
 5366
 956
 660
 5168
 6883
 7065
 6683
 6569
 9165
 5598
 7147
 3225
 448
 5263
 7469
 1958
 2216
 1543
 6263
 8671
 6452
 2070
 9920
 2372
 3917
 8550
 1008
 732
 3498
 107
 3338
 9943
 1063
 3999
 5110
 9026
 2142
 1793
 5594
 1306
 7391
 2741
 4531
 8919
 9083
 1999
 876
 1298
 4621
 8218
 1047
 1072
 287
 966
 4524
 4204
 9516
 6611
 6015
 4093
 6718
 9354
 4035
 8861
 4431
 224
 7886
 6573
 2017
 4558
 7879
 486
 7299
 3488
 9405
 6382
 6566
 1359
 8759
 1186
 9577
 9807
 3337
 943
 1851
 7861
 5147
 1367
 5551
 2241
 6539
 2268
 2673
 573
 2207
 7104
 797
 92
 4755
 3893
 4651
 3712
 4380
 3028
 8279
 4863
 488
 4844
 6223
 326
 6030
 6878
 1211
 9367
 7821
 3062
 8307
 4047
 4429
 3857
 6288
 2046
 7204
 8961
 2620
 9412
 7143
 4496
 582
 1897
 9469
 6312
 6688
 4927
 419
 4966
 9790
 1986
 9810
 7091
 2312
 6918
 3969
 3523
 7363
 1789
 7665
 6748
 6915
 3172
 1683
 3202
 5219
 8888
 3241
 7839
 9378
 383
 3413
 9960
 3359
 3960
 6272
 46
 8887
 6691
 6091
 9756
 9756
 6979
 6846
 2068
 3896
 1893
 6670
 2338
 4762
 4334
 9086
 1676
 7507
 769
 5958
 2725
 9657
 9199
 1642
 9034
 9583
 6134
 71
 2941
 94
 7422
 4067
 59
 4112
 157
 9815
 3868
 8216
 7740
 7015
 2111
 711
 4763
 5528
 5473
 9098
 4614
 8229
 7683
 6462
 4186
 407
 7197
 3384
 3128
 7309
 2966
 9262
 7380
 6987
 434
 4802
 1053
 494
 9993
 2289
 1387
 4939
 504
 9127
 3032
 3695
 