4625
5822
4713
8393
644
900
9571
1866
4100
6307
2161
1008
9049
5422
8822
196
1494
7652
690
436
4689
869
4728
6112
4275
3425
4080
8183
9859
6212
9492
4484
3112
5283
2876
3757
6183
2446
6702
1361
8754
9942
2369
8881
5363
2270
9077
7936
1000
845
9451
6769
1715
4178
3959
7069
8683
8039
5252
8541
4250
5822
3024
8442
1104
6979
2198
8366
504
8900
9727
336
8841
3174
9217
5282
6523
9373
3218
7524
217
2668
4292
3011
7926
8251
80
6608
7368
6411
6227
2697
3311
330
1138
4415
7309
3336
3859
8892
2235
3585
9228
2154
7838
8445
7436
4361
8896
1732
1884
191
5480
7255
3203
3405
6584
3283
1091
3951
772
8397
6648
4083
8727
7786
9577
7115
2200
3435
6006
5514
7020
5234
7668
4857
4757
6183
296
4731
7915
2180
4922
4473
513
8125
7878
7097
2486
47
1048
3258
8445
8775
7341
7171
7640
7996
5364
9840
1430
2449
5354
9529
8762
4100
5465
3518
1361
5761
9328
9277
9021
4249
3749
9534
2374
2706
6631
5939
3832
8758
9198
2276
7532
7617
526
6250
5613
5890
6090
8122
8339
2522
7651
7100
7701
3115
1696
9063
8876
2102
9418
8975
6352
4245
8509
9805
6951
6218
5743
783
4975
6019
4138
3585
4715
4664
9836
1406
1633
7004
9528
1050
604
8257
9230
8305
1371
925
7367
1326
4107
6784
300
458
1029
9888
1341
9059
6105
7084
920
1079
4182
5059
5744
9976
801
6658
1381
2434
3661
1987
3485
5344
244
2714
3648
1615
4718
2094
4020
8825
9957
5400
361
2064
5287
1702
1123
1392
9866
3122
3550
5126
8181
9294
5101
8983
7030
7561
2495
690
9548
7059
6034
9792
851
761
2486
6649
2855
7585
6552
2811
2984
6914
4876
8272
9695
7078
742
638
199
5371
5764
9460
4665
1943
9521
1694
582
3094
3464
130
153
576
1000
1004
1337
4565
7653
5271
2150
4205
9162
6213
2197
4037
5563
2970
2193
6305
3609
3471
1676
451
2930
7420
3474
3529
192
4056
6624
4735
4186
6777
5312
6266
8860
7728
830
6513
4078
4059
1796
3239
1351
5072
8355
6914
8042
1626
4298
1650
5097
7053
3181
8028
5551
6655
2635
6822
710
9259
1557
5976
6035
7948
2241
4895
6754
4150
2486
831
9289
5361
5149
639
432
4582
8632
8474
6208
4008
1203
1305
2139
4384
411
8769
2117
3046
5591
2827
2305
8227
8803
9419
7253
2122
5392
5085
7352
7878
6996
6640
4317
2144
8358
4749
6727
8068
4302
2934
3155
5505
5318
5294
967
5729
5142
4163
8776
732
6990
2159
37
6872
1577
8369
72
8049
3453
7424
7005
448
4063
1322
3672
3499
6071
1477
1567
372
4411
4722
6956
808
1094
9002
6537
6236
3164
5312
8047
1233
8550
8084
9184
127
6452
9256
8176
984
6680
5180
1432
1821
7581
6183
5321
3652
7660
7967
5103
3150
2688
3138
3958
4861
3218
494
1097
6383
6886
222
8695
5435
9386
7878
6641
6916
8212
5895
7900
4891
2154
411
7792
9735
6594
3112
3386
5333
1078
9569
8483
4845
3785
3519
784
7003
4013
2960
4464
1977
3183
4237
8492
2568
2114
5132
9484
326
1027
7384
6296
3181
8874
4087
2915
5467
8278
7381
799
434
8028
360
5279
2891
3879
7143
9894
8972
102
5437
948
3285
9674
9440
5853
2867
5651
6416
4272
7757
4878
1646
937
3751
5734
4931
9218
4011
3390
1096
5525
2496
2535
803
5387
6415
9025
5281
6465
9128
1796
7413
3491
1469
7932
423
5415
4661
6839
9687
2417
1716
1333
4433
5467
8146
9364
5763
3235
3833
7938
8760
6329
473
642
1716
6888
9667
8076
3352
9873
9872
1843
3364
2419
853
3787
8914
5514
625
8600
9010
3420
1011
3442
8887
235
3885
5728
3471
7718
3666
2230
5125
4139
3951
6841
2105
3618
5995
5457
3490
6945
8379
7933
443
9233
1719
9357
5825
2344
9035
4835
6843
46
8277
6808
1360
3240
2536
4831
957
7281
8141
6083
1419
2091
4002
3524
6788
9998
59
1357
8021
9517
9290
8464
8749
1009
7820
5653
4432
6855
487
1275
7980
9843
8083
9340
3083
1697
5250
5119
8978
3390
2280
1475
6560
6283
6078
3348
7359
7216
5784
5379
6733
5073
4922
6560
7161
2741
2212
1593
674
3778
3947
8654
4700
3108
7994
7783
5885
3243
3980
4862
7712
6261
6338
4271
2543
3494
8698
980
710
4481
7438
7443
633
2359
4002
7794
6180
7294
465
6854
1071
5491
5508
5771
9679
4580
4632
5563
8902
8613
424
6613
4873
7841
1962
8495
1335
660
553
3124
6220
7991
566
6853
1429
5647
5726
7609
2940
7270
4462
4012
2761
1048
861
2439
5628
5494
8002
4529
4106
9505
2220
57
8425
4183
8552
838
5922
9105
3962
3220
8174
5607
1152
9603
1253
7957
8290
4194
5226
2752
9285
9066
3800
145
2583
507
5639
1663
6115
9745
2247
8336
880
671
3597
9432
1509
597
9615
6550
3817
8868
2156
6048
9549
3409
4004
7839
7603
9231
1669
6887
9375
6548
8112
1958
7055
3750
3621
3170
4574
5868
2584
5454
7618
7260
4886
205
7857
5579
6755
2752
4446
8911
8801
3995
2320
3883
2912
1001
3113
4581
8968
3567
1128
7079
5525
9263
1907
224
2432
6481
7172
6095
1935
4789
3354
7900
4995
2289
4557
1749
5041
9004
1739
4920
4077
5138
8804
6989
6139
2995
1569
6185
6562
3776
4342
2086
3038
6250
3390
6549
2730
561
3722
5744
6429
7076
4722
2502
9365
9280
5331
5485
9362
7070
404
3438
2207
286
1505
9425
3282
4153
6689
9844
7929
1030
3009
2046
7280
7478
9674
1089
8039
3396
7912
5546
471
2634
8049
915
2992
4458
6400
2353
1527
7883
6870
4813
8170
9454
5316
2530
3606
2004
3452
2613
3035
6461
4659
314
3938
5412
2482
3055
8808
394
8602
357
4107
7729
1272
7099
2186
8751
530
4792
7713
7400
683
6961
7932
5999
9491
1537
8004
2942
5229
1038
482
9889
2431
4420
6379
4914
8555
5186
6387
8235
5543
493
5963
7895
7592
9228
7724
8122
5098
5436
6600
5781
3475
4531
1779
2965
7147
9783
5908
2375
1899
7469
3342
4331
1888
9721
323
1521
4906
6710
9756
1528
7203
6797
501
5873
6024
8225
5073
2200
4740
2751
7981
8215
7282
839
2259
5507
1700
9246
8961
3600
6714
2303
9010
9681
3102
9333
1202
9088
7121
957
615
5402
7755
2195
2353
4857
419
7426
8137
6238
176
6117
5532
8537
8035
7791
4043
9736
7036
3003
4414
3749
6385
3423
3429
9488
3834
5710
8575
2033
7747
268
7435
5501
2463
9788
1436
3961
7213
9573
199
8468
6769
5731
7004
4803
4600
2125
5617
1635
6207
30
6463
2592
4532
970
3158
8366
6681
1732
398
4427
3079
8912
1006
5542
8699
3521
9503
6990
4173
780
5457
941
7590
3539
6823
2189
5664
2440
4903
1871
3549
1365
5542
8082
3415
9779
6447
95
2589
7925
5601
5668
6836
7686
2288
6614
1206
2869
3603
5379
3650
139
7399
2318
3678
5301
5587
421
8820
489
3371
2368
2934
9992
449
7428
9770
7976
7523
2358
5900
4202
8026
3814
1887
1392
427
4172
4261
4031
630
8990
5249
8029
1308
8927
4408
6895
9348
3227
8463
3797
5596
2475
3788
7124
9903
3557
5099
8504
5915
2077
3784
5019
5892
6750
6411
7398
922
672
2507
2631
9662
7756
1738
2048
6683
6147
21
7109
9374
9564
906
4969
2038
5773
2093
3020
9331
8271
1523
6324
1427
5308
1343
7319
3136
8833
5795
4058
9505
8303
6689
245
6058
8428
3372
3819
5653
3394
928
5026
2957
2913
1074
6074
8686
4246
9094
9095
2516
1696
5419
3943
8083
6762
2340
1218
6673
8136
6356
7257
7517
4123
7502
3574
3629
1952
7394
9282
5346
9401
4308
9382
3392
5382
6535
3156
706
6707
2251
3222
8403
7670
8245
7564
5510
1663
9862
2182
877
6217
9439
8394
339
8019
1968
3969
1050
440
4329
6396
9841
8637
6857
3232
5097
4470
6388
5803
1176
9718
104
658
7387
9428
8222
3975
1090
8083
7237
1968
5378
7754
361
5718
6852
3408
765
7902
3848
5094
5376
4767
4810
2232
9078
985
7781
6545
7868
8958
6262
7972
9616
4728
7399
8916
8703
9568
6999
5939
1535
3455
4772
2976
9173
1623
7463
1016
9525
2390
7190
4900
7157
1999
8212
6235
4063
5992
2779
1930
4949
119
980
5643
4847
8379
4559
4629
9026
2636
1646
1639
6091
6418
5694
6343
8041
3157
8438
7565
5547
5627
3544
3782
8705
1755
1095
2768
8826
3874
5777
4854
5073
6758
496
9920
6215
6134
4548
5240
9849
6195
7959
5940
2612
3652
3361
1732
6809
2877
9297
3434
8505
3919
7217
8288
5674
9391
2134
4500
3265
7912
9354
9417
5748
928
9336
1962
7063
4963
8282
6911
2236
6240
3929
4848
9892
8369
7659
7780
1246
6956
2292
829
874
587
9117
7628
9979
2330
3206
4322
1320
3638
3738
7068
4566
4152
108
2707
9115
8390
9619
1350
5708
4626
7278
5600
2995
4936
4458
4241
2970
6750
6149
4924
7338
6344
3630
8395
8674
6836
2716
1072
473
6454
8140
6118
1684
9328
8826
799
8796
9523
3228
4504
4148
505
1182
8222
6521
5640
2462
569
3468
9690
6572
1884
6034
201
278
4707
8116
4073
5780
9668
1605
4998
5786
3290
5404
5690
4089
4200
5212
8396
8704
9360
9981
9886
7582
6501
6604
1122
8149
71
812
4721
1956
7925
6001
3313
2631
4117
7387
9490
3784
8992
5567
648
3360
970
6338
7449
6249
1549
6924
4952
1988
6904
4837
648
4483
1440
1770
2631
2591
3661
8431
5626
2664
4432
8939
6375
8549
7404
6943
3411
7475
2509
4060
834
4559
397
9363
807
1947
6286
6839
3935
3189
1675
5662
7672
4195
8511
1381
7865
2172
9813
3490
5915
5323
3507
2289
4950
911
9233
8361
8386
1741
3499
9220
7379
3897
8582
9266
6923
4867
6104
1936
9135
8858
7598
7885
4131
6108
9267
1995
9359
157
6564
5274
6559
71
7563
1508
982
6795
9869
446
9616
3368
9666
6994
8344
9327
7338
5266
4193
3441
7202
4407
2299
5878
2291
6430
1985
2636
9505
2423
2793
6068
7697
9352
6139
6338
1938
8200
3133
2886
8646
2748
7333
9391
820
5676
8717
9238
2020
3988
2678
300
8395
6056
6178
1765
3565
8163
4401
3069
1664
8274
215
9361
7625
6355
5699
642
5633
9911
3528
4279
3737
860
3669
5636
7615
3464
4873
9635
7452
7552
9935
6926
4686
6112
8691
8251
5353
3091
2398
7018
1364
2614
7457
68
47
3155
710
5680
4144
5317
1037
7881
6177
4706
3517
3791
9249
8390
4504
6701
7020
4438
3626
1706
549
2316
1035
6981
6486
3434
5077
7851
6048
2534
8998
7174
6768
9708
2853
912
5024
3891
9872
2279
9676
3388
7149
8925
2857
1652
6704
9877
6090
329
2661
7718
3724
3697
5777
209
7131
854
9139
4257
3388
8136
1430
1234
7843
5362
2146
3945
331
2018
7303
1086
6485
4451
10
9342
6103
7793
297
3271
8122
2958
988
2924
6655
6766
4212
4864
7620
3351
9121
2086
1486
1629
3320
408
6992
6546
5432
7323
9643
2735
9488
6127
7186
9498
6548
4368
8369
6845
7639
6490
9803
9707
492
6458
6472
4705
1321
5170
8056
1521
8335
620
3150
2733
1028
1220
9279
6461
9623
8921
274
9110
6127
8539
9687
2674
2906
8055
9519
1624
5624
9321
1330
6116
6857
8881
1899
9258
5129
1033
778
3463
1654
5007
6196
3761
7307
5475
1300
6929
5474
1574
7117
1600
113
6803
5353
4098
4858
4871
5722
1560
5271
8131
8755
2127
7011
654
2463
2139
1687
4320
6681
3341
9328
2877
8182
6634
9431
9482
4641
4904
1056
1757
7584
2248
8561
4015
6346
4497
9966
3147
6057
5236
2356
4811
8442
446
6544
905
2585
8232
5225
9267
2651
5631
3222
832
3343
2652
314
7984
8635
2449
820
7297
4697
459
1312
2121
6035
2356
6347
2091
7592
8704
7981
7112
9150
5604
9096
2813
3835
5400
3158
7565
1030
6380
9477
5453
110
869
4515
9825
3318
5335
7121
9094
5794
9512
1214
1828
1867
7562
4998
537
7344
4058
7650
6493
9662
6745
9306
4575
2144
2464
3218
4254
9923
2694
9707
1112
3563
4221
936
7960
635
8057
7053
7508
8648
8268
415
1593
6908
6492
2131
4251
549
9781
1822
1289
7604
1127
6943
827
4670
161
5081
5672
3934
5866
6784
8577
86
7720
6536
1800
6855
4668
9309
5502
4014
9724
7096
921
6215
305
6251
7844
1164
8073
211
8768
278
7155
673
6028
8395
5754
1699
3407
1619
9562
1983
2785
7281
9599
4585
5214
4266
3893
716
9359
4695
8891
279
1989
274
7609
9833
1438
6760
43
1284
7038
8277
1958
3065
7750
8791
5843
1157
1489
5404
4219
4274
3763
3817
9938
8978
9162
4910
772
8520
9605
741
9878
1593
1015
8565
2504
3532
5324
3627
5895
3441
2982
8932
7585
732
7723
3428
2968
9212
9911
7187
4564
4753
2083
4501
4809
2323
489
5581
1922
94
7401
2878
2766
9495
1443
5271
3026
6767
8898
10000
207
1879
8932
7793
3690
7733
2299
6658
8023
3288
3845
2586
8041
7007
8166
2849
9330
8656
9509
1251
9829
6909
4130
2594
6403
6652
8944
507
3418
7841
507
4705
799
517
3576
5568
8250
6954
2226
6272
241
7150
8858
9362
4156
8102
3289
3485
7836
2798
5816
7664
785
1024
258
8268
7676
9202
9854
2172
8122
1439
7956
10000
1956
1531
6646
205
9564
8872
6477
884
7100
6413
245
2334
5594
4613
6899
3429
8490
2714
1093
9276
3738
2430
8622
2492
2710
8475
4664
1910
993
2620
2988
2949
5230
9635
4234
5873
9585
1789
6757
6685
9282
8081
9019
4875
2693
5917
9383
1183
9710
1554
1537
4526
3984
158
7018
7774
9712
1682
9684
1783
5381
3751
4733
1689
3385
45
7562
2969
1834
5397
732
1115
3477
9752
7069
6171
6747
6452
8433
6457
8006
9970
2061
3069
1206
9080
842
1996
1840
1604
3780
8300
5355
9592
9989
9819
9637
8630
2788
1470
4026
4599
3665
8583
4350
733
5832
2176
8264
4264
9712
6270
5312
1772
417
7597
1930
2338
671
3770
3942
5530
3148
376
5121
4216
1273
5836
2845
4061
8386
7950
8661
2050
7611
4089
3862
3442
7344
2126
8785
8134
8396
4096
985
9892
2771
2915
2229
4522
7765
7250
51
912
7626
5173
5128
9979
2087
9052
4039
472
7002
3778
3601
4612
8947
7464
9134
7369
9590
7918
5503
9064
3093
6488
33
5864
481
2262
385
8246
9512
1516
9159
8217
7768
4286
8195
9855
3338
3312
327
1418
7091
5007
7109
7116
2470
6242
5563
3138
4160
1065
3280
7253
8632
3313
4195
9114
6654
5660
7359
6166
7176
7596
4382
4943
2961
2576
5876
7378
6967
7282
9875
4057
2289
6983
2251
5838
3225
7815
55
8464
9959
4414
6795
9670
8807
989
8783
5460
7728
7220
1625
5982
5895
7086
924
8856
740
6801
6233
7708
5161
6107
2843
7450
4168
5095
3288
8472
3988
4422
6935
5025
8836
3729
4694
7642
5798
4555
3102
3525
1775
5806
9508
7670
2892
1510
7604
3632
9390
4915
1339
4551
2100
5262
2000
6268
356
6367
4740
5423
788
2753
1526
703
6483
6221
8345
3359
1854
2525
6884
3629
8332
7470
2377
2302
59
1059
5934
527
5974
8353
5078
8074
3614
8158
5421
5049
5603
1239
1550
7471
3992
3076
8174
474
375
7597
3833
2230
122
1796
6938
9533
344
394
1834
403
1453
8847
931
8507
8278
7088
7659
2970
6324
3079
8019
1927
4318
647
9398
9390
4803
8650
9864
5178
6246
4776
8487
6368
7651
6504
5900
7995
6898
7734
9478
9430
7660
1487
7936
5937
9654
6674
8908
5978
831
8005
8984
6229
8653
8381
5618
3455
7030
6560
9712
4354
1335
9278
722
64
5781
7701
9139
2678
6514
8616
3186
4173
1181
2201
109
834
8875
9017
7891
9706
7022
6874
7013
6753
6333
2630
207
4441
9191
997
8796
1604
274
9518
1669
6055
8297
807
9812
4810
501
2998
8983
2761
5199
9093
4674
5152
9188
2565
5936
6209
517
2949
2961
6851
5579
4247
1291
5848
6324
86
8532
6598
682
1279
3732
58
2086
3543
4868
3666
7620
3851
6427
2818
4022
2179
7970
3209
4744
4985
497
6341
7934
4537
3191
4591
9864
5561
439
6187
6727
49
3863
8488
1328
7595
8546
4493
1138
3414
8159
8758
8344
5664
2655
2365
7843
1703
6653
3666
6688
8229
6
5700
2766
3197
291
3708
9837
1809
9895
6563
1858
3757
5051
3186
2431
3596
7679
4648
8089
6916
4484
6432
2579
7139
9876
1500
9922
7608
5166
6609
5836
5172
2309
9681
9448
3679
3388
363
5488
4361
6926
7346
9198
1976
1610
1628
6652
367
6276
4740
7283
759
2251
940
8978
3205
2440
8899
812
8686
6586
7728
4936
9974
8487
5463
3652
1875
5826
9140
7315
2751
7564
6512
5807
252
8140
3537
619
5494
8277
8981
6254
1606
999
5231
4812
4519
5208
6703
3204
1793
4430
8140
1767
2917
3602
5419
5871
506
5638
4264
3258
4280
776
143
4533
9995
3680
6231
5489
3035
6291
2821
4642
7290
9131
532
1808
4338
7235
6091
7210
2744
4231
8977
6740
8912
5475
3689
9419
2191
7953
3755
6471
8729
3898
2082
9803
7578
9393
6370
612
5683
269
6333
4051
9400
7944
6939
4816
5179
3029
3104
9002
8339
2081
5741
8330
8635
9430
8827
825
7382
2581
7296
7190
7558
457
8071
6214
9850
4440
7905
6611
4709
4238
661
5187
2181
7600
1081
8439
1708
4185
7440
46
7345
4259
8376
5979
3688
7202
7883
2149
9783
5179
417
8419
6715
8488
4632
6564
2927
2537
4253
8715
6775
5993
4980
34
3593
7140
9553
5301
1324
8071
6426
9749
2330
4802
6806
7097
2003
4689
9246
2865
946
9663
1283
7661
8150
5916
5303
2155
8453
9556
869
6306
5548
6928
7419
219
4067
6971
6599
6471
5042
3025
6219
8451
8906
3024
5547
908
8792
4793
4852
9738
5534
6136
8477
3684
3130
4858
6918
2661
5492
8867
8967
1040
5794
7464
2338
9862
5514
16
6332
555
4120
3629
9006
3025
7732
5631
5012
6524
423
9865
7340
5958
7079
6896
720
208
1753
7638
2869
7246
6504
2914
9365
3377
1456
2781
3238
6970
2797
648
8604
6917
5356
8688
1020
3087
4319
6033
689
4742
6976
9109
1778
4054
6004
3577
5341
7757
1215
9289
6081
8798
2202
5445
2174
4737
8227
6491
1707
2102
8218
310
98
3573
8999
1118
7740
3317
8230
8429
9138
5205
8616
1995
9259
4619
5572
4599
3455
7866
3887
614
7743
7168
6060
9917
1905
5365
7487
4691
7467
5704
5001
7565
9278
5078
9763
7017
8395
7992
6524
8612
3197
5140
1685
3534
837
8336
9213
5371
6202
4178
5986
5023
2425
2045
6018
5409
8489
3504
99
7034
9209
6179
5678
9565
1257
5440
7660
9652
4510
4183
9342
8786
401
1026
2320
1239
9363
2611
6610
6643
7868
3674
1665
292
6798
8762
5701
5286
2266
6879
2320
2553
3058
7998
3196
4315
4516
855
5045
9026
6117
5466
7812
7598
6492
1210
9916
6933
3821
7604
3575
1688
1278
6319
3060
8076
5081
9840
3362
8426
6719
6761
2057
855
5837
5253
5170
352
7187
1293
9378
3303
6759
8268
900
4330
9478
815
1262
3298
8420
5917
6066
776
3314
9126
8852
9474
8965
3292
7899
6762
52
9956
7617
5889
6287
3865
7320
3473
6238
7777
7856
2996
6044
8756
7326
5522
650
9668
9899
148
6663
5964
2003
9977
6168
854
529
6212
4147
9507
2973
5278
9463
1669
2246
6828
5534
9566
301
1771
7342
8157
5847
3386
7991
4251
9987
9720
4997
9885
946
1659
6928
2949
2715
3095
3804
3244
385
9030
2750
3359
4307
3291
5028
6553
119
1640
7198
1499
4491
4539
734
337
9004
8725
5667
68
9524
664
9954
1548
2323
7960
4498
6117
2133
9381
9361
2519
9489
3190
5878
3795
7560
1984
1427
8758
4703
9704
256
9194
5321
2069
609
4325
794
6277
5472
1396
8020
6504
2944
1421
4463
8521
7539
7676
7901
7978
194
7389
1167
7151
2263
8728
213
4769
8564
4916
5551
8821
5189
871
889
5798
6275
2762
3153
1747
5237
2251
8251
9261
3673
3793
7781
1211
1468
6761
9189
1662
5228
356
8813
8570
162
104
3338
8726
5020
9968
8625
208
839
593
7086
7114
4434
1317
9940
9672
3569
8191
8932
7242
1983
7791
8453
3451
4551
8720
6192
9780
9076
6083
8349
316
6187
2766
121
2285
2733
8746
3573
4651
417
658
1765
4852
3054
2783
5602
7702
973
5612
4943
4035
3402
4474
8565
7954
3194
4756
7733
3348
1917
7160
3665
8104
9926
3786
389
3738
3610
5041
8389
4028
5699
1232
9959
9832
4016
5560
7534
4989
1171
3555
103
4573
8030
9747
3605
2302
4503
2416
5650
7499
9577
393
5603
580
5258
7071
4318
8869
2111
2707
3975
8889
3939
3933
9799
9034
9493
7332
5102
1742
1966
5205
6315
9996
4951
999
3376
532
3415
9026
8032
4070
498
4713
4651
5756
2862
47
4624
6052
3833
9678
4940
8852
3610
5817
7885
4181
3149
2986
5923
5115
8191
3317
6189
4221
4316
9565
5832
8810
9669
3863
2880
166
9655
8610
5923
2516
8657
1625
8568
2490
2382
4586
1341
5992
403
9226
173
4631
3291
7175
824
1481
491
7013
6781
5886
7656
2613
4696
7324
7555
8655
8570
7210
7264
5571
9726
6999
8275
9373
9489
656
5037
1908
6649
5440
2213
7901
1149
5504
5075
1973
8064
6646
64
4845
2531
8799
8537
8306
7202
6091
6960
5771
3300
5302
1341
4105
2301
9616
4556
2868
272
9593
4777
8000
6112
6990
5900
7261
3572
2053
9235
1635
8699
377
7559
2309
9177
6095
614
6378
3265
7575
3227
7644
2876
4568
1748
6256
5262
7383
9125
6613
6976
3901
5691
3087
1969
2669
1426
6620
4723
660
9334
4500
2117
6893
6809
1293
4066
8503
8750
7331
7156
1976
6054
1110
7623
7802
7367
3963
6264
6491
576
3239
1470
6267
7405
4518
15
8831
1137
4738
570
470
316
2687
8442
8205
5059
2508
6707
3808
917
3862
6863
6971
4972
4485
5852
2338
8448
2115
9908
102
6433
1377
7449
3837
5895
7464
3746
7032
3280
4316
8582
3596
8082
7023
1800
3140
9531
8507
8027
1527
3447
4889
9577
8420
9374
6507
1836
8901
9701
1744
9003
6133
4200
6451
1048
1174
4993
4795
8206
8273
189
7866
1869
8272
4889
3669
1411
5498
3255
9439
7025
7781
5406
7681
6200
4780
4187
9116
4759
3888
1938
3761
20
6138
1291
2148
7312
6284
8022
6597
5636
8211
5541
7505
6482
429
2252
7894
5928
6586
8411
4031
4367
3816
1711
1645
9675
6978
760
5512
865
2698
352
1964
9916
1643
5191
8306
9006
3212
5981
4641
1423
1522
3224
7905
3030
5477
6877
8958
2062
6366
4068
6429
1261
6858
8075
2014
3835
9914
7527
5779
3691
7879
8823
4685
600
4013
2990
684
7226
50
5326
8649
1572
9629
7632
4602
6184
5588
4639
8247
1953
9786
5754
3214
6643
4907
6308
1557
5900
3834
7336
9591
1712
7237
4275
2312
1250
8344
4075
8476
8394
9401
8203
1044
108
5834
6726
6292
2500
1364
5617
4454
1149
2450
8747
8871
8436
5054
1506
4335
8888
8843
5004
1678
7158
357
5069
8408
9781
9145
7962
8174
9624
6164
297
9732
3077
7023
7103
5577
9466
2719
1109
1693
5169
9857
563
4684
5989
2070
97
5956
1991
5102
7634
9149
6538
3782
8636
6318
2926
6597
4492
3628
3840
5868
4439
7996
2890
1541
4651
2355
4260
5761
5127
508
6696
5690
6271
3763
8839
6368
9719
1908
1469
8432
2136
8008
2213
771
4325
6218
8447
9896
9846
3365
6842
4284
1360
9732
5825
7091
3165
1164
2851
8292
2751
625
5061
9022
4388
4978
6468
5186
6887
7938
3617
9023
7024
6909
872
2427
3126
9319
3402
2971
2684
243
8335
5123
1054
5238
2213
5298
7481
6143
4669
231
7847
808
331
3314
5786
6800
8500
3751
5816
3195
2773
3918
103
4724
7424
3229
5122
825
7279
7806
2148
6692
4007
3202
1930
6221
9579
9411
3442
4247
721
1289
5055
2131
4603
1920
8931
3102
5671
5825
6297
9524
821
7479
4247
8246
1786
9369
149
9065
8253
2297
5757
3339
6578
8766
638
7236
8176
4080
1482
9976
5369
7617
2107
9972
9537
2116
4152
6286
7942
1527
5809
9842
9006
1135
8087
791
503
9316
935
9836
2691
7771
4253
9270
6536
4891
7584
5790
8971
9066
5766
4340
7761
8952
5390
8376
1067
9543
4662
87
2148
470
9930
2233
1605
9095
4103
3188
8410
5038
4102
1101
3887
8355
1449
422
3245
9033
7292
2215
9177
4136
7634
8017
3087
3024
6392
4154
3645
1053
5321
6872
2603
5250
9105
4208
5423
3208
8475
4912
9325
2576
7092
3212
930
8541
4713
5254
8652
2004
8549
8907
7219
6182
8002
305
284
4394
5539
5008
6526
859
1880
9129
7188
2063
4416
3689
5271
2890
8601
4596
6546
5692
7808
8555
5311
2520
4888
5041
5604
3436
3948
2822
696
3028
4207
981
7422
9746
7068
5027
1683
26
5234
9950
2090
9650
3638
7361
3619
2239
3035
1243
9010
842
9798
4321
4442
4685
9362
45
9200
4388
3946
9897
7417
8153
1956
5917
8977
9024
943
659
129
6178
1687
2219
6906
5326
658
1603
8644
3694
3925
7653
5615
4802
3052
1135
565
2414
2259
9766
7881
6206
9662
5297
5437
2696
2293
4414
2798
3236
6152
2927
492
7840
5146
8478
4244
6884
1159
2887
577
5085
1618
7271
9887
5750
8407
451
8164
1744
1295
7123
7950
2035
3499
3387
4731
5792
7801
7530
9028
5031
1535
599
2870
7761
155
7114
4644
2393
1079
6300
7478
2698
3570
8443
9527
3055
9974
8769
4800
1268
5891
3828
4383
9390
8294
9114
5181
6094
6643
5288
2204
9258
6966
5074
7018
7121
2188
1661
9514
4346
7961
8071
8123
2609
7592
7649
6744
8644
6417
2622
991
2308
6450
5374
1697
4744
4487
7958
1916
2209
4324
4120
1466
1289
273
8484
9489
2461
1223
80
7886
9184
9230
6009
2871
6822
3657
9615
5465
74
3315
7535
3461
9766
2908
6237
4509
8475
4194
7504
683
9597
1624
3228
885
2976
1711
373
5437
2934
1533
4401
3196
762
409
7146
8663
5146
7840
5207
5220
1154
2741
9760
919
5650
5996
6507
4124
1269
5090
5886
865
7793
9114
2830
768
1903
4282
6205
5916
5815
1684
9112
7657
2094
6257
6319
7240
5175
1525
3538
6330
4267
4376
7249
995
371
4835
6198
2719
9925
2083
4664
7717
2275
7494
8485
4178
1775
5768
93
8670
7452
283
6326
624
7619
2644
8943
2794
4170
2480
9124
9516
7935
7451
510
9386
2285
7787
2104
2209
9870
6768
9926
2144
5340
9489
7401
8195
5256
7494
6864
2708
8856
4268
3332
6474
6912
2275
9268
2160
5834
8391
2754
3769
5842
4343
3154
9206
2129
6337
1415
3077
4184
2419
6300
9524
1908
3700
7718
7164
2272
5660
950
1127
9928
5362
7602
7919
8716
7948
1157
5628
7418
4991
9397
3259
9334
3629
3543
2542
1045
4958
5619
5229
8457
1919
5831
1443
6698
4628
9686
8971
1366
636
97
2373
7077
8778
291
5792
6726
2527
1419
4143
8597
1895
8481
9010
6603
2023
1551
8727
8061
8249
3955
6517
1246
865
7960
7945
5493
7645
6915
6859
9360
8091
9232
6436
6869
601
3306
3594
4208
5805
7737
3883
7700
6217
2892
5381
8240
4443
4108
6300
3771
9142
3895
5017
6
1854
2961
6578
578
954
4516
9938
9046
4826
7453
5914
6507
1837
9508
714
7642
7244
4597
6420
4539
8569
1801
2778
3011
6988
157
7861
7208
4052
2878
8294
6986
6918
4871
8643
7873
465
8580
6918
5292
7111
2831
1798
8949
3417
3591
6590
660
9267
4089
6278
7835
6969
9056
1925
3956
291
9786
2242
4344
2663
535
2408
9582
5407
1050
8533
6951
708
5450
2242
7820
9360
4040
7847
2776
7631
5515
4515
7977
9604
792
5811
6572
926
7736
1606
1218
7522
3849
6641
1263
4384
9049
844
869
98
455
7821
1885
5905
62
783
6343
5182
8630
197
3891
5224
4712
1867
4827
6583
7679
2478
7510
5414
4084
9807
4014
9012
6447
5278
3396
6574
7201
5344
7751
7657
3164
9636
4640
4306
419
983
566
9049
2259
4457
4272
6972
7404
178
4633
6161
2656
3221
2653
7819
3027
6668
7910
9474
1945
1305
7126
9146
7728
4876
7881
1971
4512
2521
6277
4931
4583
7922
5058
6842
3457
409
4892
860
587
9526
7021
4322
2746
9675
3219
6853
7421
1128
7405
9366
3512
4531
9590
1240
9407
7471
4290
3918
1070
566
9928
5653
9567
4986
3573
3023
6474
8466
4963
8140
9070
3062
3540
2894
2736
6759
9747
1235
8967
7152
600
3557
1682
1269
5876
2167
8740
165
7165
888
1810
7092
7620
1376
3156
1192
4400
9630
736
441
7769
884
3503
1308
3779
7319
9147
4604
8554
9192
2834
9155
2748
5595
423
8625
7763
241
8790
4927
2208
1679
2018
9828
3055
6254
2098
8534
5883
2835
8975
3652
4798
2478
6039
8577
9797
6264
4260
8350
5455
7094
8583
9283
2689
84
7907
1530
1404
7775
6457
3612
9454
9554
3439
3588
5807
5538
2121
2769
9452
1096
7500
4249
4653
3538
3905
4449
9803
8165
3877
6336
6337
3539
5618
104
3623
4603
1634
5028
3457
8091
9719
2910
8724
4237
7577
5609
853
9699
8378
304
1873
5877
5632
6526
9416
615
2053
296
9859
7009
7711
6196
547
3329
6300
4171
9011
7935
277
2467
7104
1074
6457
6906
5311
4033
2515
6164
4810
892
7547
6683
6770
4258
4287
7264
4873
6340
8639
4732
3349
6349
927
3896
756
8306
9146
9768
7319
501
3313
4423
1576
9770
1328
6887
3803
4922
4130
8613
5815
1676
6375
3663
7013
661
926
1886
8081
9565
6618
1429
6992
8624
6404
7749
8008
6629
8595
5327
7130
1907
828
8706
1677
3235
6672
6559
8158
801
6250
3972
3556
3703
8714
569
4365
9640
2455
2445
282
151
4953
7274
9854
2435
5022
7861
9064
4695
4266
6194
6603
5094
5978
9359
8330
2649
6996
6487
3450
4324
1537
7007
8028
250
8655
2392
968
2188
5916
1250
2339
868
8524
3271
4382
4625
2210
3446
398
6477
718
7001
1570
6696
7438
978
424
4433
8544
4953
8758
80
3038
6785
1409
1692
255
2377
3880
6171
4706
7298
8118
4309
568
2499
12
2779
7024
410
334
7742
8491
2983
5517
5928
3962
7020
361
2505
1972
197
3665
5011
6982
5074
6703
8316
8531
1662
5565
4315
8960
3682
8624
607
7260
8636
4465
5363
125
4799
3104
8616
7782
9700
4543
2822
6719
5983
5328
9771
6180
8993
4781
4240
5145
2562
2555
3675
4224
9199
7991
4263
2880
7693
4870
1219
7408
413
6582
7533
5212
764
7227
4072
1543
1769
6895
8262
8832
3301
8032
5011
2293
3891
330
7438
6454
3964
2192
1756
3163
1261
6019
7122
32
1967
8341
7440
2380
6001
6051
8671
6766
4356
2743
8309
6126
716
7649
6036
4017
6760
2125
7389
1729
2455
5905
8183
6420
9176
1018
661
436
7037
7783
1548
83
7203
66
2463
3203
7197
1134
1047
1552
4956
9356
8757
6751
8084
4792
767
4843
6918
9235
6572
9373
5139
5834
6871
5394
6852
7532
6909
4967
6394
8457
6129
3596
8524
8593
7878
5720
805
8926
7272
5761
8281
6029
2511
7443
1899
4357
3364
8817
4670
9937
9269
887
6849
7218
6281
4779
5829
3190
824
2222
1646
6954
6897
1248
6625
4774
6968
7430
3699
5319
4269
3059
1347
7859
501
3246
3294
3866
3142
7964
4881
2410
8851
2808
9628
5132
7587
5456
8322
9490
8757
1046
7522
5653
2295
4146
427
341
2654
5205
5660
6923
8264
8086
5860
9845
1332
9154
3710
5553
8196
9670
7963
7047
2477
8669
3257
1142
4125
2657
631
3960
3703
8154
9614
7077
3378
1119
7419
6033
6324
3078
4034
5667
1164
9895
6590
3575
126
299
9128
8323
1047
7090
5369
3524
6837
8626
5745
961
2361
6376
6001
6064
5608
5614
3141
8987
7812
559
6098
4135
4716
131
880
5880
1104
7470
9455
1231
8848
8582
9554
973
6750
6001
4497
3587
5705
1320
5627
8066
7697
1627
5208
4383
8320
8349
4448
6131
9987
545
1345
4703
1756
2225
1661
2860
774
1116
4091
9622
9698
3644
595
7527
723
6171
1113
6428
7492
7819
4493
6267
9447
9702
1728
7766
9129
6177
3897
194
7801
5242
4897
9557
8546
6558
2417
9320
8753
6508
20
9530
1231
1694
7056
1954
8944
9248
9462
7514
7066
5033
4859
7591
4734
6588
6436
4942
3843
1411
5136
1643
6653
1111
2279
6277
8748
4696
6676
7501
2282
6696
8109
4592
9469
5164
7626
8412
5490
7087
5926
3634
2119
784
1225
7933
8451
7661
2874
2293
9072
9089
5016
6803
199
7295
4158
25
1990
833
8605
5351
7529
6713
9944
6997
2955
7569
6488
8445
5734
2413
3158
7853
4276
4383
6864
2727
3122
816
5020
3272
9905
1114
1153
1182
8409
5311
2287
1477
6145
891
6829
4752
7605
6772
2828
1638
5419
9316
1162
2231
2807
4320
83
7083
8703
8027
9810
2903
8843
5909
6175
9827
7023
7328
1008
6511
2638
3295
7988
9862
5266
4816
4614
3949
2666
7442
5587
9164
6757
6749
1394
642
1068
2557
7725
849
583
8614
4831
504
5601
1005
330
3702
9412
1339
212
3129
5713
8201
2990
978
4095
7604
6006
6762
6124
1593
7004
3959
9421
8399
4601
1568
955
3405
2417
2617
3097
8328
3121
8698
9333
3452
3478
9824
5870
3691
2952
2661
2970
7021
3640
7065
5704
9646
4905
1827
2317
1909
6866
1738
307
2545
3306
2341
5950
6802
4958
9047
5129
9158
8823
5541
2609
2301
6443
8479
7071
9395
1140
40
7494
5859
7105
3197
6583
2010
6104
9980
4998
4048
2796
6384
6593
6102
8725
3622
3982
4761
2668
190
4997
2570
5731
7607
5950
2173
7164
3020
2646
9383
3060
139
6320
1243
4416
3982
4332
1598
3961
9330
5646
6757
5713
3317
3937
5516
6939
7919
1355
686
8109
6353
3256
4918
5038
9206
8170
2201
3304
815
2663
6364
2034
8983
7607
7529
4043
1939
205
8004
2347
5851
5839
8061
246
9776
4655
7186
8774
6011
7872
7961
3442
2206
3958
8480
2490
2127
1759
5794
2943
5501
2157
6056
5563
842
3584
9606
3860
3789
8689
6208
718
4527
5347
964
5382
1080
9229
5234
8170
8179
4273
1611
384
8231
1169
3953
358
4008
9747
4380
9509
2982
435
6150
3825
5098
5756
8764
9966
4444
6050
683
49
1396
2726
6510
2477
3034
2822
646
1212
7096
3337
2676
5326
5585
6629
5684
9593
6376
63
180
9358
1577
6330
4261
6675
3164
4104
6640
8687
153
8402
9816
1550
2207
6325
5106
5241
9148
6831
7532
6243
1246
1286
2647
6832
7916
8332
6424
5370
9474
7683
5806
2130
5092
1146
8805
8256
5250
6524
6943
5403
6004
6758
8032
8211
4161
4216
4530
4387
1047
3141
629
2293
4427
4356
9125
3421
2687
6628
9870
3239
5389
5676
5369
480
7901
5253
8737
3150
1776
6758
9632
8859
3515
7664
7070
8755
1879
2678
3142
4005
6898
4850
6299
1325
9206
6502
5825
2971
4208
5695
7290
9598
2449
2658
77
349
8990
8814
4578
1844
6650
4209
703
1243
2951
8852
9999
5910
1529
4219
9915
8428
9069
7292
831
9354
4873
7735
3403
9081
3429
692
9757
6957
4430
9835
7306
3419
9727
1883
5264
6377
7172
5967
8699
122
5897
8697
6032
7426
2915
7026
6932
3063
4317
8842
3495
268
6577
7977
9350
1084
8670
184
8042
4178
1097
6426
8676
824
8310
3939
8280
5481
984
6978
6682
6881
6754
2714
5386
747
818
3396
4889
5135
3317
8384
6483
972
6361
6911
3135
6109
7095
1176
1365
8193
8682
40
95
6991
5059
9454
3550
6043
6431
1310
4003
4263
4024
467
5011
5921
4942
9900
2135
9338
9363
8618
309
6802
5528
3445
3989
2622
5700
5354
1893
4381
5394
1988
2450
452
1441
7079
7575
8952
8390
2656
3214
3492
3123
9304
9414
9144
282
1548
8482
9645
165
9870
7525
6772
3314
1513
472
93
7946
2366
5553
3339
5433
9083
4871
6875
6161
2445
6905
5629
5101
1197
9122
9303
501
9614
9525
783
2240
8006
1506
3484
7876
109
255
2268
2701
727
3440
646
4172
72
3985
9606
9155
8856
7559
6394
2379
4463
2023
7480
5660
2223
7861
7240
2915
7386
8023
5155
6470
607
8639
4345
716
9973
7693
3417
1778
1132
5142
5951
1204
9128
6635
1437
9062
4193
7832
1441
9735
933
10000
5394
4235
8940
2634
7150
6325
1735
3383
3873
3422
3100
8219
5217
3072
6990
9714
4850
9201
4855
1879
1484
5061
8514
2921
4123
3785
1831
6643
3519
3843
7721
8914
8078
6660
2626
6306
4063
5440
9689
7937
8862
2788
7234
4079
6939
5302
4871
1789
4502
9726
4747
5986
4787
3261
9987
9989
7046
1817
6631
565
5661
5430
557
4817
3169
4262
1123
7232
9702
1890
6247
8564
5758
4559
3721
2696
939
9671
5564
5442
9396
311
2506
5261
4651
2492
5249
1696
5389
2958
3340
2128
9468
4976
6945
2636
9238
9147
946
8940
1037
7194
8582
6795
2831
3381
569
3771
3051
6134
291
3525
7524
2797
8787
2174
6369
5114
4949
1757
8073
8290
3885
7540
4344
1908
1254
3582
1055
2200
2521
2092
472
2181
9966
3304
5562
1613
8154
9692
7747
8445
3216
6349
2320
3081
8523
8689
8196
3472
1524
7347
2840
6488
4886
7184
8397
7219
1844
9452
9419
5444
2622
9892
7625
3666
4274
4265
5279
2427
5035
4105
1950
8252
453
4270
1332
8977
4038
9528
3527
6641
6874
7446
4208
2838
5708
2604
1135
7553
3134
554
2996
6835
445
1700
500
4719
7044
5779
8225
2079
962
174
330
1416
5523
2741
1471
639
3348
6077
7281
1300
3522
1488
5218
9230
5171
6353
7861
9384
6907
1936
6218
8431
3636
6718
3149
679
3575
2452
3837
4538
2626
5246
7033
9229
7988
8504
9868
2414
4580
8227
3714
9181
9715
10
8410
5964
6364
7350
5347
3270
9286
1564
2780
2921
9361
7008
4679
4015
9461
9596
9632
3165
4841
6664
2393
3907
6246
2261
6321
1904
487
1114
1084
1281
1124
572
8324
7488
7922
4750
1837
7207
6314
4617
1206
6754
2703
6965
1847
2163
6560
1478
5329
2479
9221
8801
6387
5466
1061
3786
8449
2628
4900
9533
4988
7104
104
4390
5670
9106
9140
7507
6312
6533
3202
8598
3286
5906
6641
6212
9148
3200
7690
5555
5679
7989
4356
3144
3454
6496
6931
1902
202
2909
2513
5190
12
3696
659
5683
2801
9799
4268
192
6331
8550
8790
695
5534
5430
6907
4681
9709
4596
1315
6466
2584
5671
9611
7117
3245
7620
97
3448
1607
2610
9717
2699
7386
375
8382
186
174
3728
378
6505
2277
246
7201
7811
5676
5186
3571
6463
9783
4886
2929
3445
1635
3618
1641
4880
2316
2817
9407
3923
6507
9124
6622
3892
577
6082
4078
751
9811
4457
8336
3166
4703
6615
2056
1458
1800
6706
7921
2661
2670
1928
7186
4305
5546
8827
263
8941
1643
9671
2864
8150
9873
564
2041
449
6647
7199
2280
7536
2734
1694
1780
7437
8309
3836
9974
1187
541
7895
3849
3211
901
1034
8595
6448
939
8859
5388
3661
9608
9331
2890
558
9896
4931
1007
7621
3208
4366
6235
5942
6060
8015
3379
5447
2930
4431
6635
3471
3404
1562
7762
4306
3675
7435
1832
4614
6293
7220
8275
6979
7630
1164
7537
8604
7175
9624
7303
382
5068
3537
7404
2207
2630
1861
7654
6639
6292
5367
110
9697
6929
8951
4002
603
6385
5834
6296
3757
4132
5650
1814
2840
7893
430
1443
6146
1132
8746
7608
6200
3361
5011
8407
7071
6872
7140
3709
3163
2506
4898
3938
9436
3848
7940
1117
1312
4852
7414
6148
63
3063
7962
2903
955
8392
4347
7102
9524
4171
4709
6803
7533
798
5209
5682
7670
3427
9391
832
5934
4289
4771
5369
9216
3789
7565
1606
9721
4978
7754
9784
9120
6795
2686
1154
6265
8112
9335
6868
2283
5122
3670
894
5920
9958
6576
4668
3385
7045
6579
9319
2412
2428
5766
1628
6218
4409
4313
7017
9388
2067
6800
9586
9941
564
1818
6205
8677
1152
3072
2038
7353
7821
4011
4351
8858
586
9019
2242
8710
5598
2639
1122
8026
9484
3829
5322
3892
8142
2338
4358
1287
216
3944
1227
781
6841
7433
536
7994
1583
2574
6425
483
7664
776
9341
9329
873
1582
8038
6471
5300
9160
5576
5862
2988
897
9754
2209
3236
4112
3496
3452
9135
5803
5312
7054
4314
5848
6126
5897
9501
2551
6380
7164
4406
5720
6492
5279
8381
5609
1750
4759
4768
7326
620
8836
9302
1453
1044
2537
6644
5619
7069
6857
1421
2380
3910
5735
9308
36
2711
9887
2587
169
8130
8072
6969
5700
3350
5349
1308
6179
1187
7156
4583
2886
7070
3885
4339
9193
7501
982
4811
5648
7839
7312
9108
2828
3046
8415
2864
6836
9380
6530
7006
8588
4601
3974
4288
7951
401
6675
5209
1588
3830
9792
4475
1978
4755
9893
1170
2256
1954
7061
7904
871
4372
7011
3699
8497
6504
6563
5333
6963
4171
2338
5550
8772
6312
9838
7802
6713
7592
3010
9381
2500
3880
4934
4479
8636
4826
5649
891
6780
2709
9874
8731
8160
7964
2429
6657
4467
71
1989
1429
4242
4327
8059
3014
1717
7896
1894
8430
5487
4904
8889
7988
8784
3822
3545
7419
9728
9194
9389
7586
2982
341
6316
1141
8305
9825
8877
3850
9896
865
6359
5216
6271
4417
8230
7988
2312
1202
7497
8879
6106
6385
7945
5969
1286
2568
4466
1013
1761
3855
9678
5822
4196
5994
8043
3579
6897
6919
7429
6792
8864
3787
2007
5134
8204
1316
3122
1595
2518
1697
1552
9704
9161
575
6751
446
3143
1216
2538
5983
6150
3295
1805
1424
367
926
5003
7264
7845
2432
4055
6708
7298
7141
2921
6581
8457
7122
8176
2054
8819
806
2836
7979
1381
9587
9505
5603
802
2042
1585
6953
5337
4469
9456
5704
5395
4459
2967
4319
7970
8101
1026
6346
5242
5026
2926
4777
2147
2180
7910
965
2986
745
23
5446
1410
9528
1048
2213
2648
2634
244
7986
7103
9700
4768
3577
5237
8815
7896
3206
7994
0
9553
4314
5027
3557
170
7174
5738
8080
9219
8724
9905
9242
4170
1314
8769
5218
3527
1416
8931
4850
480
7113
5629
6328
689
865
5142
9664
5151
4214
9664
5782
8529
4690
9339
8699
2943
5076
7857
2161
4879
7761
1402
9049
9076
170
5345
3681
2665
5355
9611
3146
2467
5239
552
4235
6104
6773
3898
2333
986
4640
8115
593
409
8533
9292
3352
4687
8228
6592
9566
5988
9073
9693
6142
321
6117
902
2986
1471
512
7211
5017
6830
7763
330
4012
4535
5307
6346
5522
9947
5539
7194
1434
4071
6486
5865
8759
4713
2456
8324
1779
1528
9096
9001
1849
5212
9903
5915
6683
1493
3125
2778
8323
1967
3108
2334
6502
9494
8680
3102
9440
4219
296
1953
9369
7861
7818
8127
3652
274
7530
6510
2881
6625
5510
5810
1836
5412
1724
9598
6905
5928
3454
5227
7895
7641
7562
5476
7134
7320
9657
7652
2617
1031
9605
1986
8892
7423
112
3622
8776
8721
132
1656
5345
5642
8545
8260
1054
1347
7857
9038
8355
2389
4265
7328
29
2905
2803
7163
1303
3539
4815
3921
4570
4419
5907
4541
1841
7098
8163
1695
5819
8295
4431
2242
3937
2975
502
6070
5402
9438
5107
3756
1827
450
1083
1856
3355
4966
98
4659
8505
5992
9659
4153
410
5565
8694
3331
2662
6857
5026
9560
5151
535
1802
166
3511
3383
6236
9992
2820
1343
3747
5726
1793
5909
8662
6228
874
8760
1965
457
4751
1623
4611
6240
8267
3304
649
2007
1239
6755
1567
6391
7290
4448
7636
1879
7831
3872
1870
1729
6294
6696
7456
9166
2605
6117
6472
3479
5955
8437
5016
1784
1138
9627
8024
9405
4009
9753
1412
5249
6507
4058
2718
4875
9585
353
7834
7415
5304
9704
9144
1597
6400
7678
763
83
3794
7235
3562
9749
6751
8578
1532
7889
9283
635
8373
4371
1466
863
9620
7973
6000
3416
3926
5584
3769
1759
4077
9074
2542
4299
1749
20
1977
3591
103
6850
1905
3665
6599
8656
3322
9210
7623
3683
923
7074
8054
2389
7937
8752
1440
3936
2167
6446
598
7016
8205
4675
7168
1825
8975
8917
1845
951
3587
1948
7801
5492
6693
5478
5226
1093
5767
3927
4776
7769
1001
3909
158
16
2660
2677
5032
5907
9123
5630
2922
8407
305
89
231
358
84
2077
2388
3671
4025
1267
9163
1796
7825
5467
2889
4670
9395
8745
2438
395
2653
3675
411
6392
6353
6522
2298
6554
2152
6299
4960
3536
6388
6271
3894
7552
8348
7361
1222
3451
8628
1464
5248
6452
6931
9216
1121
7404
7960
4639
7799
1691
8314
9290
8084
5745
5811
1460
2299
9042
7760
8338
2577
5226
4608
7550
2777
4034
4910
5079
7486
4617
6543
3812
1068
4552
3027
3269
1956
2066
8987
833
3757
7300
1201
2919
3045
8092
4380
6423
8212
3218
4760
789
9523
447
9418
2300
4481
5407
8458
3045
23
5000
6857
2170
630
963
6518
3665
3029
5504
5578
7865
2804
6779
784
6928
5949
6243
4429
4161
539
267
6029
61
714
6525
3440
6275
1931
1897
9320
1954
7976
7256
4125
8607
9298
642
3350
3405
7226
8928
1269
29
5707
3132
8036
2734
9375
2464
7974
992
3810
4002
1054
4525
527
5573
1878
3537
7471
1197
5492
5446
9532
695
5131
8829
2416
8482
2233
9642
7409
3503
9671
4194
6635
8785
6929
7089
2327
5981
9160
6138
9984
1292
1741
1589
6866
3619
5126
4336
4816
1696
860
4348
2391
5992
4255
4808
5552
6489
4449
2960
1070
5199
7155
8784
5062
5162
6951
7390
1142
6111
3527
2204
7403
5268
4872
4268
9966
9999
9683
4781
2773
543
207
5165
7614
4463
1051
3165
2030
6579
6125
3100
1777
4358
1883
7919
598
8835
5308
2820
4945
9914
6103
2347
6260
975
7695
6225
2052
7377
2084
4825
8999
3371
1068
6612
7834
2119
855
942
8699
8060
4042
1554
3496
5925
9473
4095
4759
5859
7994
782
5772
4096
4209
3110
6150
2982
9335
8202
1437
2498
4106
436
5869
5174
8127
4781
8373
8983
5723
7071
7042
9765
9704
537
6768
9177
5711
1527
5035
3704
3388
1886
8880
7597
4996
5029
1657
5410
4310
3095
7908
9495
3531
4855
4668
2736
9636
3040
1718
5358
1189
9839
5122
893
376
1889
69
7166
4495
6183
1949
8963
9148
828
7638
5223
6936
9296
1711
2324
2390
697
1818
7000
5552
7566
9736
5187
1684
1454
544
2874
1292
5666
3767
2747
8634
4915
992
4208
2176
2941
3170
2403
3769
807
7626
1783
102
9337
5187
2492
1112
7005
9492
6664
5649
306
1850
7334
1760
2394
207
4131
9139
5053
7958
8851
1046
8950
3058
4301
1890
6228
6704
6738
7036
5408
9600
8217
5823
4786
1788
6935
1791
2358
3598
8519
2664
5448
5852
5503
8921
6059
9635
8059
2190
8671
6910
4315
7620
1046
8617
9510
7275
5320
7326
5389
1807
6925
4684
7630
1711
6472
4565
4581
9910
9242
3099
2573
4690
8952
8077
4689
6089
8790
2748
9359
7460
736
3673
6158
1782
2289
6746
135
8689
4071
6603
495
2074
1287
9204
3785
8838
3768
9445
8747
3010
3623
1320
8779
2574
475
3467
9742
343
7294
9100
8882
8030
3852
6118
891
7220
2863
2105
5908
8013
8709
7482
86
9996
6686
4951
8833
1532
5474
7580
4542
9097
9979
4399
2749
1532
7867
2491
2954
6239
2669
2914
4269
7600
9032
6239
4820
2973
8344
1806
985
7052
9289
2150
7047
7053
8180
6959
8585
4733
4538
4206
3829
5595
8605
6579
8206
7550
148
1159
3789
3896
4073
9137
1496
3104
5375
7395
7156
4797
9201
8141
1849
8489
1369
9975
5541
628
8012
4126
5361
3628
9411
9190
9223
8015
6847
7428
5565
8074
9666
9354
1970
3738
9569
4545
7921
4943
1939
5076
9740
1139
4295
2667
707
6744
3721
7327
7372
1732
1452
3811
6440
862
4079
5662
9957
926
4169
6600
78
3834
7032
3127
7573
6600
7672
6572
1542
689
2727
2360
2908
7022
6107
3615
4844
906
941
2215
3717
3473
7105
156
5414
1184
6898
6449
2110
1066
3048
3267
4900
79
6395
3551
6679
5145
123
9300
5835
2850
1660
9822
950
8846
4515
5795
9752
6535
9089
4547
7
6194
4704
6501
7378
1601
4028
566
2667
7077
3833
8646
7156
1306
2197
4914
6452
3399
4213
3365
6249
6952
4265
8278
6876
8780
5151
7706
5314
4240
2253
6401
1512
6957
3980
9969
9637
8008
1613
2303
5084
5446
2027
3319
7832
4224
9312
5362
7623
3524
8727
4950
1555
2991
4307
8431
2849
9458
6137
8163
4776
8390
5642
6288
6425
9622
6256
6061
7630
7869
9443
3792
4394
1469
7111
3304
6773
6422
8666
5474
1025
8471
1503
3659
1461
5810
2089
5389
5267
9305
3551
1122
8773
9194
7410
5197
9894
4745
2336
7523
3692
1778
1315
9165
4327
9505
2468
1099
7006
1133
6573
8031
9604
8076
1689
2143
4964
4857
7532
1310
4162
2162
2432
2934
2434
9842
9211
2327
5665
1546
929
9358
3325
2244
8522
7652
2827
2069
9830
9833
3202
7481
7863
3885
5557
630
7107
1599
5488
5718
2909
728
7880
5341
4741
1392
5183
3951
3719
1926
5498
4648
1283
9902
7971
884
7553
798
2953
8461
630
7234
5941
9573
2197
2576
1281
9305
4176
6769
5022
7085
8576
3980
2426
3317
5372
8688
7268
169
613
2765
5897
2976
3745
3867
4939
1297
5744
7892
836
7454
6204
6778
7026
8402
9354
8307
7706
4608
6155
3806
1693
5809
7786
5198
9126
3157
4964
7473
4405
6656
1316
301
9632
5062
5248
4570
7438
991
3540
8275
8445
9745
5052
6549
8146
5484
5935
6930
92
3168
735
2864
8977
8521
8062
9182
2756
3025
6654
7161
9681
7970
8542
391
3031
3789
6040
1548
5859
9581
9823
5383
403
5953
1931
8549
2515
8945
5478
2607
2112
7292
6550
1089
5812
4611
1349
9647
8715
8003
7886
9475
7051
6427
944
1161
215
6984
2709
6075
7643
2531
1457
8046
9563
4467
7673
2077
3412
4229
5764
6603
1520
2313
8771
8411
8004
119
8057
6718
8122
5943
7271
5173
2369
8215
6334
3664
5199
9043
817
2841
2652
3353
1966
2214
8899
9639
5370
2310
3868
1133
9993
6467
3447
8763
4878
1450
8883
2934
9247
8083
9956
6518
3255
3404
4732
667
8147
1009
788
8964
4930
3440
3395
6896
6733
2293
7613
2103
5683
1480
3236
5675
9027
7762
5516
3904
9212
4398
7917
8459
2481
7873
6055
6815
2355
1865
7483
501
2875
9350
543
7805
3869
5017
5779
601
8389
3391
3783
4071
5951
8099
824
6056
5860
6341
9960
6151
1817
7876
5688
5377
6827
2821
2192
9182
4686
753
761
7561
102
2383
6444
3971
7400
3301
5652
5789
7772
9435
938
4801
8612
2842
856
5551
261
815
2780
2078
9770
8468
7456
7676
1288
9648
7936
5974
1479
8698
4614
1581
2159
2136
5553
9560
5438
2283
6427
3209
1717
8444
9089
1408
1285
9945
6959
1546
1838
817
4704
1607
9285
2159
9283
1651
2885
7219
8704
4364
6995
4396
7024
9154
6533
3655
9792
3049
5938
7297
7337
8735
5741
6425
142
8105
6369
8180
9652
8207
8997
5434
892
9360
8672
1254
2089
1556
8473
1871
6999
6546
6268
4022
5699
3879
7678
6570
6928
4694
3866
4264
3428
9607
1767
3570
7712
9215
2828
8442
8500
1824
4954
9392
2262
3625
645
4351
6260
196
6223
3258
6742
3569
8359
3520
7448
7115
89
5454
1809
3955
796
5237
4641
2563
9887
2352
1777
3793
1872
1355
6697
6826
746
8959
450
2471
4389
6710
3746
1690
1046
1567
6338
9405
5087
3785
7599
6255
317
9408
209
1113
5723
4850
4755
6688
8281
7611
1560
152
8966
8257
8057
790
8294
8507
4340
2682
6295
8087
5451
7341
9654
1788
7825
5819
6652
5423
2073
6969
5909
3361
9161
2710
9291
3915
477
7571
2604
2037
8803
2648
293
7938
3439
9666
7524
7779
2348
3818
6944
8878
2238
6597
666
62
3494
7318
6564
6646
5366
3551
7
5605
6261
9298
599
7817
7947
3203
9854
6749
5852
1225
4687
9291
891
3289
8148
4318
7107
5092
3195
423
2767
4940
1564
7341
3337
8128
3986
8703
2757
3993
4307
97
4369
4906
7914
2316
9189
7768
143
5040
71
5909
5409
962
9198
4635
5280
6305
9727
9555
7807
3573
4494
9372
913
7831
8578
4899
7612
1335
9972
2998
1432
4340
8983
9346
6656
8171
8192
6800
4289
8264
2708
776
9226
2985
5412
5585
9290
6217
6218
8175
9790
711
7546
1781
9622
6124
7760
8312
7459
7731
1309
9970
2070
292
9315
9806
9542
8586
6605
3831
6849
391
5686
7153
3376
1097
3816
3744
7315
33
1919
8183
745
543
1043
1445
6667
8803
9757
4125
7612
1066
5173
9682
2437
4488
565
1978
3073
8249
6888
1000
8641
2574
8153
3095
4750
1969
7919
3143
2002
916
1326
3826
1459
3448
6350
8127
2250
6107
3330
9862
8252
8504
621
1767
4070
1187
4824
8222
9436
1712
9222
9155
5365
8453
3329
1193
1500
1247
4337
4582
3242
5663
9487
4701
9111
5837
3906
2439
3022
7237
3379
1273
6819
4000
3040
1967
6266
8943
188
5702
1733
488
5935
7098
8941
9264
8292
441
1589
2628
6102
4831
9370
5588
611
9559
1424
4517
1997
4446
2832
6455
6798
9651
454
916
2696
6721
9860
2884
3501
1592
3372
514
9770
3392
857
9140
4912
2446
2846
1013
8357
3294
7680
46
2852
9105
4563
5928
4629
8475
2382
2506
9204
3915
3422
1900
1714
4360
4784
5215
7032
9236
6809
6801
3706
7666
7019
8618
1190
9865
9631
9547
3158
8389
671
7089
7493
6314
4095
3201
4788
6477
6786
3991
1470
1286
6970
3185
5647
2833
8400
2678
2068
6287
557
5774
3952
8655
5470
5143
8519
6179
5768
2755
4567
6440
922
3139
2753
5017
6340
8620
1493
3125
3689
2963
4411
659
7227
1136
3492
6706
4893
6639
2992
6529
3491
6945
5183
39
2087
4780
6218
7855
8614
784
4294
9536
3923
8126
4552
1341
6745
7124
5545
434
87
1035
2172
8393
3250
6743
5098
8144
4460
8091
5751
7951
5035
934
7990
8201
6793
5286
6055
5407
7149
1428
4942
2151
632
9495
3492
7378
6618
116
8891
7784
2230
1062
6177
5480
7805
1274
4702
2264
443
453
1293
5478
2466
361
3678
9259
6726
812
5744
3874
3319
686
6025
3951
1259
596
1328
7877
712
1297
6740
2942
2359
3995
9501
1242
6348
5282
4585
6792
6814
6957
3348
9280
8397
8106
9617
5122
8918
5361
8997
2236
7126
5021
6187
8385
5617
8595
7340
7408
9892
4079
1428
3330
8074
929
5651
5501
7290
1315
2292
4103
8272
5640
4461
7748
4824
5156
2869
3741
516
1865
7056
8721
7966
4322
7105
3582
2916
4445
2069
3886
9603
3497
8295
8756
5505
5025
4256
2794
6340
7627
6897
5690
4345
1357
3437
9170
6514
7386
3989
8109
9251
1045
6830
8295
6446
5013
2956
440
536
5025
4326
1218
8522
3700
9974
4027
8725
5308
6821
6143
2934
4797
1832
8358
6154
6349
7527
3746
3734
2595
2934
4063
4719
842
3437
1164
5855
6393
1604
7471
1417
7009
8689
9939
708
9741
5044
511
5048
1865
6654
9061
6662
9566
8497
3894
5914
6024
8720
726
9698
1653
5868
4416
2495
9305
5580
9429
5697
8263
7978
7114
5271
6666
8132
7059
6406
3175
7570
2532
6119
4224
2671
2780
3789
1168
7754
781
8271
6473
2586
7968
9205
8454
3462
2778
7759
9042
2206
3455
8383
1263
1648
3653
7929
858
711
5414
4033
9361
9025
152
4663
1696
4011
8452
3943
2843
311
2213
9316
2897
1259
9599
1350
4721
2376
187
3762
5662
4722
2144
6925
6370
6876
5932
7228
8667
2424
2339
8027
1449
3570
2689
4224
7582
2219
8167
1503
3609
379
1898
7585
1638
1496
8935
6359
3873
201
1199
613
4923
4422
7538
2371
2376
3469
9599
1042
5894
3016
147
8422
6587
3915
2645
5247
7213
1890
6750
821
2269
8648
8406
4986
1223
8420
2423
5096
8621
4701
6788
4622
201
4325
6993
2577
8873
7670
4699
5845
685
5925
4266
7272
9841
7990
2518
8132
9880
347
8954
3227
73
8438
9292
1296
7936
2793
7471
7635
7494
4258
2256
7695
8583
327
1351
8535
7997
7129
4379
8683
3053
9725
7033
3972
7714
630
2104
8673
2056
2136
1899
2129
1652
2270
3426
667
5063
896
8302
2557
5155
1637
1330
4816
1964
3760
3350
1040
888
7730
801
5021
8533
7834
8993
7325
9543
2175
5997
1598
5390
8976
3728
7043
2324
8233
7710
7387
9129
7090
1022
4283
8727
2353
9100
1770
6113
2449
2810
8081
1257
4690
3101
868
3602
3172
8194
3145
5348
5269
5822
737
5323
628
8859
7647
8861
7647
5034
7990
5816
7135
2272
4542
9488
2450
7391
6680
5979
1279
5839
8315
5969
8940
9184
9572
2111
8456
3795
8538
4803
9617
354
126
245
291
8852
9106
7939
3885
7095
3754
2099
446
9375
1586
3975
7845
9345
9954
9124
5183
9348
5093
5201
9610
5743
8392
8065
9538
6929
2867
9154
8362
4072
477
8654
2924
9584
7671
7888
7757
2503
9987
9282
2956
2652
3257
800
3075
4289
1003
9338
4715
6096
4538
4324
1838
4008
3467
2454
2016
7414
1607
377
1485
2085
109
5488
2747
7780
3376
1582
282
4441
864
4318
7093
5200
5118
168
567
6121
9506
5283
3295
5122
9607
6212
9131
4153
8666
1146
1566
1352
2602
3051
4516
2712
9619
7263
1570
2994
9924
1853
8514
787
7250
6686
7066
2367
7933
7634
9568
8517
2916
3941
3638
3601
153
3847
7754
9898
6072
398
2328
9754
3450
6844
2465
4147
5185
4035
7141
5109
6967
6733
6975
4216
3418
4041
7663
1350
1674
8309
9867
5669
2249
4584
348
3481
9510
9182
4458
5582
9580
6786
5335
4108
3630
8879
8255
8815
2913
6474
5002
959
3207
1977
6254
6625
6018
3916
9055
8771
3303
8921
5518
5553
4583
5866
112
4093
5047
4570
753
4627
1356
6088
8735
6065
4966
6990
5958
8958
3463
960
995
7749
4016
7250
4374
1112
2244
3428
9883
5548
3427
5400
2179
9090
2344
2291
3182
7392
7941
3935
3097
375
1101
1831
7519
7146
9900
3476
6103
4442
5515
8178
2190
609
5427
7643
1721
7671
2149
2682
3218
5577
9161
5397
5745
1505
8768
8927
9976
7787
3940
3072
9241
5041
5982
6759
2186
6961
1313
9368
1402
6829
7545
3592
7438
4050
2314
238
1721
4463
3999
4939
1118
3160
1415
6863
5744
1261
5789
5719
126
807
9870
9367
5848
5851
6125
9113
2811
7438
9560
5292
5345
8183
9964
3862
2233
2277
4100
3954
6740
8099
9972
7859
2337
2465
4721
8081
3726
1589
4878
3852
2396
4747
4297
9324
1677
421
9515
4488
7860
9074
859
3204
7257
822
7066
9490
3099
2244
4522
917
1422
4493
8776
3759
6959
4576
2919
1763
6165
7797
6695
9640
3623
