180
159
140
789
784
236
285
353
116
715
298
623
138
523
451
673
81
837
938
512
785
453
806
943
496
348
708
120
786
928
69
967
777
900
755
561
135
39
604
942
755
592
564
583
114
706
255
886
232
883
87
708
336
893
340
522
932
47
643
717
975
402
683
442
301
127
2
126
858
606
67
302
197
321
885
1
717
831
888
950
713
975
657
739
558
997
261
489
734
594
896
399
686
269
841
987
396
843
803
944
448
870
245
335
881
130
336
598
651
914
547
53
579
894
793
136
580
53
315
313
337
901
712
22
169
552
699
256
84
501
199
222
370
445
557
250
265
584
538
606
497
84
659
766
668
451
902
247
194
907
561
531
808
963
553
977
205
942
923
289
442
813
512
502
948
759
443
212
32
981
508
530
756
166
295
423
618
888
671
502
484
922
33
291
884
276
959
779
218
881
68
350
693
270
853
640
719
295
542
752
275
740
972
721
907
957
144
214
844
505
716
328
426
439
309
1000
406
267
779
314
839
537
664
221
497
206
552
215
501
93
967
467
524
938
187
430
895
21
334
428
526
49
446
952
179
756
642
275
713
110
589
551
647
943
773
834
149
324
48
650
107
706
807
631
333
685
751
918
706
84
346
232
825
482
874
694
237
515
969
951
315
247
191
962
189
654
795
338
668
534
679
466
239
175
787
572
860
538
490
566
312
526
488
827
7
51
520
936
567
178
576
882
115
457
534
305
111
18
333
779
552
702
244
481
878
31
744
427
259
233
683
261
449
170
88
146
222
298
81
479
167
347
50
282
805
274
587
916
293
611
384
535
312
629
707
880
350
450
998
299
373
680
560
512
541
648
658
453
637
740
622
804
777
362
85
581
637
363
496
620
974
881
845
976
199
551
546
239
691
543
538
754
913
97
265
143
436
924
286
72
353
598
566
129
961
651
711
287
13
897
597
677
467
131
343
666
373
889
595
63
121
132
818
724
921
82
558
356
696
844
118
48
132
374
178
92
24
579
69
729
475
356
95
633
487
438
989
860
326
584
614
137
716
121
862
636
203
419
682
590
953
490
638
84
864
816
867
579
84
936
998
560
291
92
192
469
531
180
328
547
454
632
685
170
753
236
496
647
655
869
236
297
48
874
382
913
380
939
181
464
565
178
714
546
961
596
14
491
467
33
729
921
665
413
90
108
649
277
755
994
836
681
981
884
554
52
486
624
992
357
779
556
535
492
101
496
88
116
677
555
840
405
475
504
508
256
612
847
223
56
840
749
737
511
632
982
563
809
605
554
165
383
109
391
566
902
577
344
708
944
899
547
349
63
50
857
9
353
394
923
99
233
671
837
434
303
508
998
802
112
241
967
186
41
47
442
943
624
786
650
568
374
196
607
437
937
153
137
980
547
59
79
471
731
916
905
724
423
592
525
225
834
181
101
875
920
543
817
543
18
156
801
392
352
97
520
979
251
657
959
798
406
37
959
136
643
864
550
65
455
765
981
979
637
82
853
556
315
669
789
334
515
590
726
557
377
936
536
628
592
184
116
999
221
74
825
864
628
375
619
774
830
289
752
466
371
605
21
377
964
811
711
479
90
126
35
467
62
261
786
344
445
902
32
356
666
858
910
294
923
218
758
752
508
509
909
569
804
930
946
768
430
346
937
520
163
662
988
225
614
773
259
58
364
292
415
29
149
14
13
762
233
771
203
741
971
111
309
774
732
946
231
161
291
858
682
454
210
359
369
824
822
629
882
185
921
987
905
760
1
919
211
925
379
414
665
349
216
664
814
948
609
735
108
901
593
480
44
803
839
414
626
660
42
197
535
653
875
440
412
566
48
623
490
117
727
845
157
943
508
661
580
117
395
689
708
678
168
752
170
698
165
486
47
207
374
583
550
248
713
962
814
451
274
994
568
692
838
415
324
345
75
905
462
471
283
169
839
141
612
9
839
777
495
887
675
869
159
224
807
562
186
310
12
150
303
270
842
140
686
166
486
451
761
638
922
43
498
451
184
109
460
714
576
645
600
250
204
449
475
10
10
351
321
713
191
624
983
33
455
358
890
631
810
650
268
421
693
456
872
567
255
331
280
832
667
570
81
871
709
246
571
719
287
582
431
479
897
104
202
351
462
91
982
962
431
940
383
814
86
254
380
341
276
351
172
633
611
945
503
320
881
764
38
168
346
160
337
933
264
539
283
416
320
955
378
441
584
451
254
670
395
324
11
671
675
183
303
977
818
496
296
699
260
24
557
296
184
894
228
138
122
201
245
442
846
313
573
429
764
