 999
 999
 992
 992
 990
 990
 989
 988
 987
 986
 985
 985
 985
 984
 982
 981
 978
 977
 977
 975
 974
 972
 971
 971
 970
 969
 969
 968
 966
 965
 965
 965
 964
 963
 961
 959
 958
 957
 956
 955
 955
 954
 952
 952
 952
 951
 951
 950
 948
 948
 948
 944
 944
 944
 942
 942
 941
 941
 939
 937
 937
 936
 935
 933
 932
 932
 931
 930
 929
 927
 927
 923
 923
 922
 922
 920
 918
 918
 918
 916
 916
 915
 914
 912
 912
 911
 909
 907
 907
 906
 904
 903
 898
 898
 898
 897
 897
 896
 895
 895
 894
 893
 891
 889
 889
 888
 887
 886
 884
 884
 881
 880
 877
 877
 876
 876
 875
 874
 872
 871
 871
 868
 867
 866
 865
 865
 864
 862
 862
 859
 858
 858
 857
 857
 855
 854
 854
 852
 850
 848
 847
 847
 846
 844
 844
 839
 838
 833
 831
 831
 830
 830
 830
 829
 828
 826
 824
 824
 823
 823
 821
 821
 820
 818
 817
 814
 814
 811
 810
 810
 805
 804
 802
 800
 800
 800
 800
 799
 799
 797
 796
 795
 793
 793
 793
 792
 791
 790
 788
 788
 788
 787
 787
 784
 782
 781
 781
 779
 778
 776
 773
 772
 771
 771
 769
 769
 767
 767
 765
 765
 765
 764
 764
 764
 763
 763
 763
 763
 761
 760
 760
 760
 755
 754
 754
 753
 753
 753
 752
 752
 751
 748
 748
 743
 741
 740
 739
 739
 738
 736
 735
 734
 734
 733
 733
 731
 729
 729
 729
 728
 728
 727
 724
 724
 723
 722
 722
 721
 721
 720
 720
 719
 718
 718
 718
 717
 717
 717
 715
 713
 712
 711
 711
 710
 710
 706
 706
 704
 704
 703
 701
 700
 698
 698
 697
 694
 692
 692
 691
 690
 690
 690
 690
 685
 685
 685
 682
 681
 680
 679
 678
 678
 677
 677
 676
 676
 675
 675
 674
 673
 672
 671
 668
 665
 663
 662
 660
 660
 659
 657
 654
 653
 653
 653
 649
 647
 643
 641
 641
 641
 640
 639
 639
 638
 638
 637
 636
 633
 633
 632
 632
 629
 627
 626
 626
 625
 625
 624
 624
 624
 624
 624
 621
 619
 619
 618
 618
 618
 616
 615
 611
 611
 611
 610
 610
 608
 607
 604
 603
 603
 602
 601
 600
 600
 599
 598
 597
 596
 596
 595
 594
 594
 593
 593
 593
 591
 591
 590
 590
 589
 589
 588
 588
 588
 586
 586
 584
 583
 583
 582
 582
 582
 582
 582
 581
 580
 580
 577
 576
 576
 575
 575
 574
 574
 573
 571
 571
 570
 570
 569
 566
 563
 561
 560
 560
 556
 554
 554
 553
 550
 549
 547
 547
 546
 545
 545
 542
 540
 536
 534
 534
 534
 532
 531
 531
 531
 530
 527
 526
 526
 525
 524
 524
 524
 521
 520
 519
 518
 518
 518
 515
 513
 510
 510
 506
 506
 504
 503
 503
 501
 496
 496
 494
 493
 493
 492
 490
 489
 489
 488
 487
 487
 486
 486
 484
 483
 482
 482
 482
 479
 479
 478
 477
 477
 475
 474
 473
 472
 472
 470
 468
 467
 466
 465
 465
 464
 461
 461
 461
 458
 458
 457
 456
 455
 455
 453
 452
 452
 451
 450
 448
 448
 448
 447
 444
 442
 441
 440
 440
 439
 438
 437
 437
 435
 433
 432
 429
 428
 425
 425
 424
 423
 422
 421
 421
 420
 420
 419
 419
 419
 417
 417
 416
 414
 413
 413
 412
 412
 412
 410
 408
 407
 407
 407
 407
 406
 405
 404
 403
 403
 402
 402
 401
 398
 397
 396
 396
 396
 394
 393
 391
 390
 389
 388
 387
 387
 387
 386
 386
 382
 382
 381
 380
 380
 379
 378
 373
 373
 373
 371
 371
 371
 370
 369
 369
 368
 365
 365
 362
 358
 356
 356
 352
 352
 351
 350
 346
 344
 343
 342
 342
 342
 341
 340
 340
 338
 336
 336
 335
 335
 333
 333
 332
 332
 332
 332
 332
 330
 329
 327
 327
 327
 325
 325
 325
 324
 324
 324
 322
 320
 319
 319
 318
 318
 317
 316
 313
 312
 312
 311
 311
 311
 310
 306
 306
 305
 303
 303
 303
 302
 302
 300
 299
 299
 298
 297
 297
 294
 294
 293
 292
 291
 289
 287
 287
 287
 287
 286
 285
 281
 280
 279
 279
 278
 278
 277
 277
 276
 273
 272
 272
 271
 270
 268
 267
 267
 264
 264
 264
 263
 261
 260
 259
 258
 258
 257
 257
 252
 252
 252
 251
 251
 250
 247
 246
 246
 245
 245
 245
 244
 244
 243
 243
 242
 242
 241
 241
 241
 241
 237
 237
 235
 234
 232
 230
 230
 230
 229
 228
 228
 227
 227
 226
 222
 222
 222
 222
 221
 221
 220
 220
 219
 219
 218
 216
 215
 215
 214
 212
 211
 210
 210
 209
 207
 207
 206
 204
 204
 203
 200
 198
 198
 197
 197
 197
 196
 196
 195
 195
 194
 193
 191
 191
 190
 190
 189
 189
 188
 188
 188
 186
 185
 182
 182
 181
 180
 179
 179
 179
 178
 175
 171
 170
 170
 170
 170
 170
 169
 168
 167
 165
 161
 160
 160
 160
 159
 158
 157
 156
 155
 154
 154
 152
 151
 151
 151
 151
 150
 150
 150
 149
 149
 146
 146
 146
 144
 144
 144
 141
 141
 140
 138
 137
 134
 133
 133
 132
 132
 129
 128
 128
 126
 126
 123
 123
 123
 123
 122
 122
 121
 120
 119
 119
 116
 115
 115
 115
 114
 114
 113
 113
 113
 113
 111
 111
 108
 108
 106
 106
 105
 104
 104
 104
 103
 103
 101
 98
 97
 96
 96
 96
 94
 92
 92
 91
 91
 89
 89
 88
 88
 87
 85
 84
 83
 81
 81
 78
 77
 77
 74
 72
 72
 71
 71
 70
 70
 69
 68
 66
 65
 64
 63
 62
 59
 59
 59
 58
 56
 56
 55
 52
 52
 52
 51
 49
 49
 47
 47
 47
 44
 43
 43
 43
 42
 39
 38
 38
 37
 37
 37
 36
 35
 35
 32
 30
 29
 29
 27
 27
 24
 22
 22
 21
 20
 18
 17
 16
 16
 15
 15
 15
 14
 13
 11
 10
 10
 10
 9
 9
 7
 6
 5
 3
 3
 2
 2
 1
 1
 1
 0
