810
332
332
85
277
144
977
116
78
823
261
800
407
595
43
92
141
638
108
560
94
814
350
264
405
413
895
71
955
965
788
765
297
472
203
574
968
180
690
398
356
303
550
115
250
594
207
391
232
316
952
678
482
654
942
887
419
189
310
727
154
98
844
452
922
47
378
242
580
421
640
936
724
190
403
327
784
610
718
368
278
22
47
760
29
341
647
448
531
957
175
37
407
20
489
681
419
220
923
999
641
915
287
717
106
690
44
242
653
115
611
931
137
10
692
518
703
691
319
586
1
494
624
408
866
465
442
638
685
717
637
678
633
277
396
739
319
792
981
972
907
944
904
397
954
948
267
10
639
586
596
992
81
220
753
299
38
195
937
723
912
927
754
545
556
150
636
875
294
970
848
554
914
104
303
221
52
570
583
43
157
179
36
590
752
141
241
790
336
179
865
600
458
619
146
14
121
134
241
416
104
89
322
371
193
625
944
597
195
527
641
352
706
29
942
810
170
536
600
858
715
818
458
525
437
956
891
911
91
132
327
547
222
649
918
767
626
214
365
821
741
358
526
800
387
820
610
909
356
563
767
423
381
577
948
170
534
191
81
977
324
760
524
898
761
795
17
387
9
382
209
103
92
87
903
831
907
865
740
264
428
859
39
161
437
340
332
971
531
765
948
207
526
824
105
287
619
123
27
629
857
588
84
950
675
987
781
582
204
874
198
633
733
590
146
170
930
830
493
461
596
793
21
474
618
126
113
237
601
140
218
811
728
302
113
403
641
246
338
846
120
888
831
206
478
329
728
760
160
222
222
108
15
243
582
985
721
47
575
675
188
793
486
916
448
951
320
441
197
10
639
318
898
470
876
729
800
604
489
312
826
711
772
194
306
706
531
380
753
106
407
941
252
245
858
700
196
530
493
393
540
133
63
438
603
939
167
755
896
657
419
722
720
191
268
379
897
800
111
3
258
518
944
510
763
802
210
311
332
56
56
872
189
472
663
144
763
830
252
659
839
671
734
560
215
2
291
464
154
402
467
413
920
412
923
35
566
486
698
251
542
754
123
731
226
138
227
990
969
479
1
160
151
735
720
718
738
11
182
244
765
2
9
37
414
933
72
332
771
122
583
665
877
59
396
455
197
975
797
518
455
799
679
958
534
751
676
624
763
210
221
880
212
230
918
978
515
342
311
286
465
246
303
694
305
51
149
855
27
299
373
482
450
52
440
984
156
468
961
271
30
182
151
243
412
69
573
280
412
884
918
877
483
222
571
788
273
72
643
300
371
369
782
821
773
574
158
929
394
119
200
425
653
352
668
417
421
593
697
185
830
616
62
313
838
985
101
111
58
97
764
429
466
546
603
591
473
113
521
867
584
721
292
237
425
312
6
847
906
704
32
88
672
447
401
862
432
854
325
490
951
89
272
769
988
227
713
461
340
234
680
276
955
325
513
733
989
519
580
895
575
964
335
247
763
736
461
196
591
787
38
894
876
662
16
216
889
729
677
581
963
710
857
270
35
722
3
24
594
935
272
169
252
607
769
15
344
582
211
287
369
602
181
598
264
197
814
506
278
844
439
241
554
297
864
941
371
219
965
965
155
589
487
407
549
608
422
245
190
986
532
912
588
65
510
852
615
324
710
893
168
150
487
74
799
351
15
170
570
333
488
77
922
327
484
823
287
259
68
477
245
952
389
833
370
251
37
985
576
748
230
96
898
717
171
49
420
186
219
343
871
59
420
146
386
257
969
673
868
390
503
113
342
244
298
64
496
335
49
424
435
632
520
685
701
43
734
122
230
306
817
453
365
589
599
104
198
569
129
66
959
632
179
653
229
829
718
77
165
119
501
952
103
373
990
805
417
724
279
999
382
96
452
748
685
52
204
884
621
333
302
932
318
482
937
547
311
7
624
828
479
477
133
582
850
123
387
267
847
18
618
582
114
71
682
152
123
886
388
96
571
690
380
889
524
317
788
188
325
764
16
804
241
149
386
444
624
126
711
824
144
330
406
611
753
88
115
228
974
503
324
897
545
704
787
70
373
927
258
698
692
626
854
285
128
593
729
752
719
793
576
215
475
982
178
228
70
293
456
396
796
132
294
342
188
433
764
561
712
22
260
404
0
114
42
128
59
771
881
778
916
457
346
743
440
524
971
862
170
779
611
966
263
257
660
451
690
776
13
402
150
625
159
151
91
553
279
151
676
160
281
593
618
627
336
410
504
660
624
674
791
235
992
55
492
5
506
534
781
871
289
932
496
448
83
588
1
362
739
677
