219
825
237
876
559
836
0
511
848
987
938
354
430
547
242
775
945
232
272
74
213
138
181
659
120
780
490
715
261
900
145
833
77
734
709
988
571
710
499
419
49
789
125
479
336
367
255
634
952
879
708
517
369
241
176
489
22
19
204
283
271
349
116
700
436
178
41
7
888
540
778
289
330
904
768
18
623
375
4
575
607
712
444
976
954
973
466
328
992
670
963
615
372
432
667
808
610
708
167
850
249
945
139
931
849
259
301
825
987
306
400
594
370
197
570
676
170
36
4
514
59
320
129
783
752
148
943
714
857
110
564
106
407
55
389
257
666
42
82
653
348
834
247
719
31
818
395
553
206
752
67
617
72
548
400
824
697
695
538
554
157
454
12
565
861
401
822
527
443
256
181
144
442
780
215
474
950
962
27
157
714
447
126
138
995
879
314
44
574
204
598
732
658
610
297
871
363
471
399
159
79
932
655
521
712
870
347
15
832
727
524
899
174
650
389
521
529
704
566
104
908
164
188
919
127
837
790
842
660
541
353
739
825
8
260
890
230
960
905
63
687
429
314
213
431
703
734
961
407
300
417
668
817
957
587
296
794
729
138
454
623
844
545
448
852
157
690
83
117
595
498
156
376
164
369
808
867
456
769
627
756
538
647
925
495
586
221
289
315
712
95
938
556
640
739
760
797
429
843
267
377
693
423
753
857
145
561
77
601
682
56
709
220
703
987
715
289
208
356
956
272
451
247
180
443
986
941
593
767
136
860
144
830
635
250
39
780
163
116
733
846
524
443
418
227
430
134
868
990
842
825
615
294
424
795
89
762
88
682
529
225
542
26
407
530
276
446
310
439
915
396
637
439
839
56
19
621
542
239
963
384
64
578
30
840
726
120
602
814
154
484
391
697
510
150
579
138
949
241
929
864
637
567
655
828
975
26
449
869
266
413
253
682
991
636
523
69
108
125
884
262
609
627
311
471
778
890
609
79
132
891
943
769
810
950
598
785
977
399
654
243
812
259
277
156
895
800
225
3
926
461
618
887
441
929
359
219
820
320
650
952
211
593
73
373
895
671
158
872
423
164
467
235
424
745
743
671
897
969
27
175
782
645
63
223
574
774
794
394
446
444
698
10
389
772
383
285
795
894
509
218
58
329
806
834
426
549
858
323
870
885
499
653
882
914
228
456
40
23
203
838
819
253
200
209
377
584
494
525
830
355
95
240
684
901
75
110
803
285
786
673
170
637
678
404
903
907
212
943
282
415
133
101
21
334
310
398
270
156
923
100
864
371
340
548
624
767
11
427
52
149
453
574
786
483
330
689
742
543
984
24
310
117
126
331
803
788
82
73
297
357
525
161
728
218
61
353
337
72
132
390
573
585
316
359
421
647
400
163
542
384
188
852
854
666
184
9
806
618
435
103
975
960
264
56
178
326
409
868
750
541
610
324
479
926
35
900
925
436
63
467
172
603
320
378
621
856
388
428
474
823
531
801
135
148
857
666
826
618
534
928
512
144
252
991
70
288
243
348
76
658
167
600
614
487
979
235
695
719
663
521
542
547
323
29
695
532
695
521
151
229
801
663
373
54
6
796
694
249
144
122
259
311
722
873
151
701
109
198
772
124
720
314
671
395
344
366
927
391
239
430
621
41
93
994
447
99
790
493
700
286
615
960
950
337
185
453
391
294
651
163
419
723
830
442
470
526
809
750
269
400
180
890
793
274
885
240
373
27
85
426
666
700
386
968
390
571
421
133
218
424
648
989
500
830
431
970
708
592
720
978
345
901
868
138
527
105
731
252
485
816
678
503
869
416
471
611
988
892
744
558
668
392
899
168
575
330
139
283
275
211
261
620
464
482
110
343
587
193
596
424
10
274
927
231
43
398
842
31
642
938
941
311
682
840
479
257
522
970
541
797
534
154
769
998
636
880
342
576
73
290
0
435
916
928
18
959
678
860
342
321
798
283
984
481
475
463
90
998
786
631
147
320
138
269
670
126
501
364
702
926
654
55
714
571
335
732
530
13
945
873
334
743
508
670
576
984
134
667
334
272
650
833
944
140
102
614
267
955
331
969
882
985
24
596
908
359
680
791
725
625
16
411
721
524
82
649
860
568
668
546
840
671
732
784
811
186
750
78
142
81
400
376
67
776
324
327
488
4
118
213
982
134
624
703
11
58
704
223
626
373
770
466
44
502
602
207
40
353
638
182
786
38
558
853
166
882
533
654
239
651
219
221
138
196
276
501
254
980
724
233
353
846
51
749
700
654
957
741
359
595
275
145
985
834
351
503
68
884
158
307
887
729
880
377
925
156
878
532
137
955
765
842
801
816
592
854
822
901
947
181
848
222
679
185
56
30
688
477
266
198
136
153
928
17
883
205
173
761
737
662
716
502
505
870
671
449
76
493
350
23
27
550
245
706
735
654
88
775
131
354
974
619
859
902
636
742
459
162
856
197
824
924
51
681
146
722
130
222
568
832
245
595
382
843
653
469
497
93
245
980
447
571
599
658
825
588
753
284
750
609
481
926
885
885
608
32
959
90
254
527
923
852
474
657
47
479
479
896
572
76
228
371
647
827
30
472
767
783
108
517
744
590
444
629
827
404
13
786
494
268
314
769
472
788
427
871
620
258
767
192
334
995
564
981
174
594
805
942
729
913
811
825
855
607
454
682
11
820
469
506
88
135
275
912
275
54
783
895
312
902
88
998
897
652
331
71
598
488
365
679
402
177
504
609
784
310
292
148
130
113
6
570
248
633
834
523
688
617
419
352
871
859
703
768
863
34
192
461
523
557
492
277
86
996
886
223
658
530
371
789
643
377
711
243
10
546
119
50
515
890
755
387
749
458
507
612
492
699
425
367
609
917
644
695
265
883
270
923
413
641
64
409
370
128
4
381
26
123
783
893
13
538
280
114
996
140
726
841
839
503
560
800
772
557
848
389
440
118
665
205
760
81
614
482
209
971
863
235
94
999
129
108
537
761
222
886
901
301
79
93
156
639
245
929
196
93
318
988
212
983
194
324
65
160
806
626
131
22
214
578
21
695
38
910
456
612
796
710
913
227
155
422
867
400
351
415
846
21
404
58
357
950
734
774
462
540
752
594
914
966
172
935
661
210
198
470
822
994
180
88
574
687
510
793
439
213
208
285
586
964
343
295
266
77
69
729
970
822
675
884
788
847
172
802
409
370
272
583
716
804
23
290
491
885
83
930
450
644
216
37
960
911
332
227
341
754
308
663
928
983
547
68
182
71
870
943
793
142
878
510
946
902
152
789
139
588
720
590
232
288
979
544
199
311
123
892
417
431
555
345
414
455
766
596
526
636
539
320
131
418
182
429
672
334
219
811
922
291
753
506
579
732
51
130
396
174
23
813
958
578
511
372
33
277
321
912
265
212
584
396
982
766
826
654
100
397
818
375
688
571
233
267
304
636
397
700
163
772
865
121
351
376
845
736
653
166
0
271
731
584
667
713
350
845
720
803
242
538
530
930
461
763
197
117
400
947
817
563
719
35
36
422
411
881
159
417
48
159
688
131
744
707
844
446
553
564
249
795
454
779
78
916
895
627
385
295
574
203
210
646
238
246
68
1
479
227
418
879
739
458
10
835
166
855
281
71
771
883
218
578
14
296
846
909
924
231
204
498
786
766
144
24
364
565
378
844
144
148
723
883
607
86
70
125
941
704
196
64
587
414
642
601
63
488
511
987
720
67
837
506
186
334
883
550
899
261
746
43
761
822
279
368
908
701
845
201
405
393
265
344
808
260
298
871
748
809
210
820
228
47
327
766
733
562
317
984
823
415
28
584
237
659
305
145
360
502
346
118
896
964
462
56
224
760
279
324
921
489
145
502
888
472
268
974
34
585
958
209
353
338
145
590
997
802
88
710
305
786
828
553
750
642
609
326
403
888
651
676
729
796
178
617
620
447
591
6
384
902
567
737
240
64
328
238
867
416
300
524
202
128
77
305
122
38
631
525
926
634
554
655
782
732
624
754
531
568
760
916
470
679
5
710
744
333
300
963
101
600
839
656
80
916
313
203
954
296
80
232
931
634
239
713
367
863
820
898
783
932
166
253
612
172
316
708
857
616
671
959
569
862
967
649
778
280
852
84
576
285
668
859
919
907
925
286
122
745
537
906
677
703
511
641
875
179
349
733
148
372
44
717
234
363
718
364
643
923
800
571
208
468
431
127
375
356
766
498
101
303
756
130
358
619
772
234
799
473
319
947
846
715
16
432
78
734
149
73
657
949
644
865
418
427
345
145
783
111
995
236
414
751
719
124
723
491
358
522
316
29
469
514
96
485
947
174
571
96
599
229
397
596
446
815
23
791
313
159
902
308
395
668
412
114
793
135
957
503
657
274
885
478
788
981
315
87
508
886
535
107
467
933
703
914
748
79
57
413
238
960
722
633
980
486
100
773
621
409
629
630
683
514
460
824
847
775
911
355
13
799
815
481
732
870
747
832
949
804
246
187
116
320
173
97
806
625
222
427
34
203
57
70
717
869
894
917
644
157
624
9
308
439
490
40
662
589
873
611
394
471
151
510
791
676
959
597
301
182
24
687
737
433
757
807
302
3
724
298
513
348
307
821
788
150
214
802
739
87
765
133
910
916
996
701
944
307
298
245
841
674
285
579
107
42
386
761
398
110
411
263
458
718
84
598
220
650
400
960
737
166
445
647
434
793
700
379
101
998
976
942
672
613
521
131
8
907
244
406
369
655
669
180
726
105
778
946
756
531
258
845
49
56
845
835
849
545
566
950
896
895
893
920
508
766
52
516
26
648
274
395
304
295
575
382
401
706
680
509
589
939
706
638
995
551
825
196
449
392
147
345
639
392
265
147
158
669
16
536
318
290
932
974
586
507
356
339
213
36
200
802
327
906
792
322
810
970
871
259
714
18
956
353
762
573
852
272
595
868
809
913
511
741
239
449
600
595
140
814
983
340
968
311
246
113
985
56
83
856
667
797
226
975
150
988
549
2
261
496
223
422
409
734
163
0
535
115
595
675
929
578
15
250
241
613
715
227
22
798
83
689
947
310
17
449
650
566
803
263
414
26
685
175
112
200
175
647
316
770
322
597
700
689
847
942
303
914
521
325
712
604
366
11
266
383
460
269
301
264
532
715
290
218
890
755
770
65
754
86
187
77
684
888
118
883
182
421
798
703
98
862
659
465
874
278
200
334
547
502
950
79
569
241
649
812
348
420
877
102
858
417
531
542
305
650
778
839
423
576
542
522
790
201
339
664
479
891
351
378
745
301
810
315
894
459
127
242
231
356
345
442
773
228
336
430
878
114
269
302
42
811
176
833
365
867
497
196
758
200
575
504
502
385
171
396
196
298
639
780
6
336
222
780
564
558
210
795
25
832
449
67
643
977
900
360
844
750
557
954
302
484
458
804
869
981
201
417
279
192
549
638
880
123
418
796
34
980
943
59
164
392
478
808
369
731
520
565
481
77
520
783
561
330
940
782
312
493
552
943
37
101
581
917
225
351
65
259
684
9
670
848
401
148
656
123
879
529
688
712
958
208
848
872
539
788
654
851
281
558
146
318
660
728
587
237
79
652
848
763
13
518
612
415
18
620
890
898
149
578
962
108
787
810
332
678
950
986
881
583
897
27
253
909
107
840
146
187
845
346
302
858
216
266
625
234
887
515
484
388
94
447
848
233
609
180
263
560
519
144
143
768
523
397
677
631
589
175
170
786
521
472
645
89
739
622
675
978
138
160
718
584
959
919
169
568
451
432
480
322
576
976
90
451
725
767
82
314
942
252
101
815
77
98
256
816
720
932
146
210
92
216
146
403
135
315
323
587
747
804
909
675
780
352
127
505
119
209
171
414
814
624
229
891
722
838
59
795
770
557
357
862
773
504
617
909
819
940
848
919
744
109
594
876
461
721
381
933
283
905
347
97
529
928
340
252
766
399
399
536
956
108
750
729
612
367
990
784
660
190
703
404
300
649
281
113
371
14
46
6
919
745
455
449
674
795
53
792
194
804
329
150
912
431
231
877
151
222
661
811
764
716
215
416
365
848
530
88
215
928
94
134
674
549
935
700
344
340
492
890
144
821
392
409
605
624
286
756
198
299
567
962
15
134
379
380
335
261
821
550
189
267
36
215
817
324
915
513
664
408
756
161
581
148
570
186
124
208
294
322
507
861
637
522
348
368
254
683
981
75
585
522
343
621
738
512
297
653
377
314
61
133
475
995
634
397
181
758
605
476
433
464
689
422
986
37
142
592
72
123
20
657
645
715
631
383
579
280
389
956
594
802
442
69
797
76
818
979
186
775
807
619
239
848
41
577
238
183
170
310
658
542
320
304
257
303
39
836
583
428
144
178
583
938
599
380
14
770
711
553
545
870
172
785
719
566
714
957
101
236
619
760
778
939
416
387
594
455
223
178
236
720
708
819
658
659
551
25
429
263
578
327
133
750
464
204
668
178
161
770
415
133
882
193
424
298
933
19
105
508
549
693
228
609
864
887
268
416
264
50
31
842
377
516
944
841
721
613
371
234
735
786
367
617
332
792
267
617
163
724
125
64
418
354
673
634
593
293
50
857
343
433
699
72
950
995
265
671
960
637
905
695
775
625
664
459
769
931
76
932
656
202
996
426
556
21
60
501
314
111
358
10
896
409
82
846
756
348
517
717
337
775
412
112
400
77
924
169
360
0
453
368
202
801
794
110
822
855
963
488
318
321
498
214
82
581
61
839
281
930
556
618
705
320
82
457
749
6
626
110
7
431
830
561
232
625
24
406
832
987
895
150
661
745
716
95
678
129
286
959
412
194
929
117
515
12
927
616
370
905
78
729
337
909
291
921
534
667
328
366
6
575
868
19
320
936
115
999
66
753
310
478
948
592
947
815
956
874
431
326
132
862
56
469
771
699
390
657
718
70
375
724
645
243
744
318
531
211
669
597
964
331
427
912
923
727
79
879
953
863
558
85
725
966
554
496
665
297
153
383
719
528
459
365
123
555
35
654
766
704
604
731
387
383
995
311
110
75
542
64
290
452
149
15
418
56
863
435
705
16
170
424
896
630
141
371
185
176
25
304
232
629
35
972
13
382
283
475
809
177
539
99
630
41
114
400
449
977
836
154
345
6
578
241
988
72
964
174
600
990
478
185
971
865
157
336
599
792
812
409
969
703
508
951
744
975
352
545
304
188
699
650
546
630
243
535
702
208
61
654
550
891
839
521
756
996
210
355
788
374
116
110
77
625
61
174
952
765
719
256
953
771
906
500
401
502
35
455
62
96
109
612
987
949
133
95
297
695
802
438
69
919
900
499
896
313
673
848
79
744
104
32
515
363
884
268
217
271
723
279
719
833
891
58
134
376
505
783
72
308
573
493
579
473
992
827
787
665
27
866
762
483
250
277
846
487
546
415
110
621
694
830
806
937
240
292
314
746
76
738
406
1
231
337
475
224
164
614
241
191
832
355
674
434
985
873
921
883
640
32
504
335
214
311
272
454
603
938
200
31
676
958
33
260
295
860
836
459
826
429
2
658
785
29
92
770
254
366
653
894
398
157
581
612
820
206
418
776
144
619
159
173
577
192
785
225
404
621
684
230
50
39
240
187
420
333
957
674
699
610
920
449
120
502
413
292
708
831
68
204
802
228
729
732
772
514
957
177
487
993
759
538
384
0
725
804
685
35
478
384
997
399
185
117
253
598
410
961
781
830
517
584
58
247
668
831
113
625
360
601
970
471
139
355
823
216
159
508
603
990
244
601
389
429
70
642
379
480
955
161
663
472
745
721
71
765
904
185
390
616
786
712
88
277
67
911
845
579
420
449
569
16
402
310
446
472
304
177
305
611
338
968
435
435
689
507
200
946
44
942
562
182
655
650
459
74
914
656
653
686
105
574
702
507
236
500
332
540
678
637
503
16
605
939
804
646
798
4
592
842
947
507
24
954
157
835
28
423
491
34
109
949
608
164
808
197
664
140
89
694
777
593
63
734
884
867
733
682
871
677
876
170
184
252
124
694
439
505
117
930
539
579
231
499
743
40
696
407
532
138
454
662
731
517
396
967
384
481
649
607
159
877
130
695
481
606
389
920
111
859
202
2
438
434
502
181
826
550
940
358
688
394
20
771
911
417
738
647
250
739
255
409
616
737
105
97
343
846
369
455
705
572
457
495
6
311
676
832
862
969
542
902
715
563
674
627
332
764
626
582
504
233
344
472
970
449
922
314
647
291
121
353
863
578
848
221
242
877
405
104
198
948
358
913
511
384
892
843
149
519
777
5
752
121
477
75
922
751
389
570
43
862
275
258
792
475
480
34
704
885
490
902
833
849
816
696
233
708
891
382
579
669
739
684
790
217
759
65
968
500
635
363
362
262
622
506
737
102
541
442
339
31
344
525
232
512
221
466
573
113
200
504
134
940
188
276
509
947
341
477
799
328
193
513
590
815
20
328
917
561
122
608
944
818
133
177
331
355
995
256
820
195
760
306
487
301
582
996
600
924
826
400
252
19
913
843
834
285
523
103
846
645
711
143
463
197
320
146
904
315
402
724
862
515
30
350
816
964
346
416
888
172
168
493
543
82
688
377
367
563
832
566
208
544
709
23
93
381
170
997
48
572
73
910
439
455
260
255
419
959
24
660
483
192
505
27
626
193
756
346
108
589
912
316
485
973
339
578
706
509
927
754
434
0
664
225
455
277
481
874
588
505
886
71
49
391
450
676
936
207
22
44
148
286
360
985
259
52
915
317
913
842
71
699
842
87
925
297
364
758
523
952
263
410
376
664
153
826
340
90
385
362
134
885
648
847
222
259
899
137
576
164
979
999
864
173
87
789
470
803
547
346
108
162
108
484
826
261
662
519
351
400
881
838
285
882
37
508
493
936
997
422
452
977
421
316
502
860
457
325
664
356
671
772
870
779
608
697
392
270
216
96
670
449
934
308
683
971
168
177
259
165
951
63
494
724
380
997
585
189
322
601
546
345
373
416
476
333
465
868
603
33
964
626
835
250
934
518
573
454
47
184
619
350
248
466
75
980
815
660
521
137
613
419
482
338
188
310
671
653
178
274
39
495
900
874
97
186
744
23
640
792
559
612
142
159
78
569
491
893
229
13
382
194
432
216
532
620
526
203
626
704
478
17
551
730
891
1
917
635
24
909
779
583
521
274
743
599
843
234
844
425
599
226
619
384
442
152
356
968
355
982
25
185
999
928
916
242
929
185
230
305
94
9
241
616
635
336
567
479
922
412
256
522
990
875
258
433
379
614
753
735
949
130
272
300
411
188
543
692
725
125
350
820
486
591
788
122
279
355
953
201
119
209
75
110
84
333
895
816
300
0
551
249
483
175
549
894
364
444
938
89
569
288
261
56
231
49
530
510
757
483
64
876
692
139
986
128
825
233
944
125
586
847
726
69
23
627
315
739
72
253
180
993
894
442
401
477
843
931
988
600
766
52
477
458
543
815
587
368
401
883
845
987
731
571
56
754
199
723
493
623
328
673
968
222
467
722
700
311
5
40
911
772
444
388
230
987
556
169
708
957
53
553
944
136
477
352
890
28
75
735
651
755
760
971
978
228
693
30
539
699
70
450
823
866
191
53
853
99
575
561
408
980
467
704
116
296
56
358
324
483
93
327
238
853
298
568
433
344
950
972
395
372
775
218
238
318
623
92
417
550
5
825
530
824
529
998
120
937
708
444
772
801
123
10
7
774
931
792
118
881
765
865
254
540
83
844
210
58
288
627
609
294
804
491
470
333
842
591
622
550
387
394
704
511
756
63
285
687
855
755
921
620
620
527
512
55
371
74
465
12
701
426
658
505
918
128
190
112
719
164
662
459
558
718
322
667
781
607
706
637
714
627
609
686
506
474
741
230
548
206
242
602
633
900
107
903
28
650
367
100
814
29
911
725
748
233
392
881
192
98
518
906
78
480
592
584
306
685
166
854
243
408
456
228
660
916
483
41
918
850
141
84
232
404
809
332
637
201
213
181
652
84
87
730
564
31
666
870
68
833
76
311
241
885
892
254
153
375
295
71
226
788
155
458
192
317
790
181
870
3
362
522
439
801
252
3
184
271
225
252
104
654
915
697
539
807
951
692
183
246
115
761
34
270
219
578
587
9
759
810
364
121
332
804
922
937
159
106
208
737
710
312
743
626
9
282
785
313
326
968
559
441
729
946
63
300
524
3
661
284
813
26
405
497
182
680
434
693
786
642
430
849
306
173
475
668
807
260
981
485
581
540
926
662
838
342
963
363
697
624
999
510
2
404
7
536
436
794
230
575
788
660
424
95
186
899
763
993
511
744
479
444
636
757
107
827
451
422
190
148
398
189
658
401
945
18
937
382
164
519
309
952
180
733
47
718
984
162
711
495
258
542
940
895
652
399
74
103
821
264
252
219
805
262
972
102
632
262
836
796
781
145
749
313
878
148
31
862
311
95
710
569
989
650
816
641
49
890
745
222
506
349
441
311
963
414
414
596
28
250
744
809
748
845
123
626
994
506
841
305
601
551
226
591
553
43
232
954
285
329
176
792
30
617
455
346
383
221
294
411
824
38
573
572
884
48
550
878
554
391
535
508
294
761
99
847
156
683
801
794
365
977
938
747
947
393
93
682
967
387
94
791
426
19
715
662
67
265
892
973
657
427
481
303
540
932
151
697
968
952
843
333
282
781
432
229
526
526
911
493
265
357
284
43
376
351
705
795
617
597
121
626
376
602
929
917
887
80
966
855
385
809
540
667
942
972
248
468
850
511
962
468
869
598
511
597
950
217
745
919
166
866
545
543
820
474
812
59
907
778
266
644
939
806
311
233
131
911
701
333
422
15
801
643
966
313
593
916
882
338
187
48
556
732
943
728
558
107
788
817
237
54
461
176
213
772
409
696
35
463
29
458
478
183
453
444
848
46
712
730
736
899
130
292
983
426
373
542
533
161
359
771
567
821
299
132
945
709
180
333
524
210
791
354
745
596
799
593
643
863
675
379
115
805
24
98
583
397
992
117
910
704
888
829
877
187
962
174
248
142
507
124
704
650
479
801
247
630
394
242
845
421
621
960
227
645
411
162
42
755
279
304
811
519
134
688
59
96
215
659
590
74
784
647
725
615
448
324
245
195
566
90
616
539
403
195
537
814
358
931
921
637
236
733
157
370
773
568
818
988
227
760
63
363
407
140
978
856
816
223
403
734
666
19
625
69
215
162
883
573
94
156
562
682
889
71
52
663
639
222
3
219
982
418
582
742
910
561
950
726
136
353
460
802
372
86
871
587
600
106
512
694
263
75
728
504
146
780
519
138
354
523
357
337
941
939
79
852
852
29
930
989
734
743
791
106
181
15
46
781
473
910
828
736
985
556
593
484
689
112
622
43
635
979
732
929
918
163
133
771
544
63
112
278
158
903
385
339
270
783
121
744
693
301
832
31
857
425
515
898
890
137
942
525
468
674
806
738
838
939
861
382
355
973
13
513
229
750
853
499
533
326
595
578
627
428
609
836
205
124
735
95
613
677
973
81
703
779
172
893
71
33
628
426
7
641
291
588
391
144
87
276
470
35
854
449
815
464
286
372
940
21
468
554
50
793
987
753
924
159
999
995
545
627
773
552
268
65
140
11
561
579
287
32
966
141
833
781
605
119
154
546
492
974
452
542
119
791
648
43
303
647
39
848
274
812
400
894
229
892
905
791
823
192
175
142
685
8
923
643
480
429
541
972
755
993
515
874
136
163
918
439
810
309
287
436
473
39
330
703
283
587
846
459
131
21
601
816
381
876
459
861
658
0
834
413
345
701
640
482
216
558
273
378
219
561
814
692
952
496
747
236
83
593
695
214
966
648
382
348
524
842
209
182
194
395
948
892
448
588
726
664
498
999
394
717
560
560
761
865
56
509
101
139
102
148
705
69
796
88
769
320
282
978
855
828
726
803
720
174
391
446
191
889
446
585
958
358
146
719
223
554
228
676
46
683
824
751
104
972
191
873
293
825
203
500
654
281
303
374
808
46
173
999
287
619
936
245
329
434
964
905
989
545
933
387
580
758
490
36
730
682
909
375
859
464
875
513
98
530
240
906
576
413
905
863
384
193
460
713
628
425
970
969
322
904
356
902
14
846
938
96
880
199
472
740
15
699
253
113
582
845
19
158
258
276
374
642
470
834
708
450
611
678
771
285
934
127
539
948
325
829
45
206
28
869
298
396
920
903
861
502
749
233
661
7
509
387
2
331
221
710
133
185
740
904
470
675
31
10
623
709
839
20
267
220
889
565
968
810
820
829
312
569
62
325
929
924
712
283
607
286
993
741
471
85
645
941
760
29
303
736
738
143
756
357
715
998
922
683
808
94
864
472
16
927
798
297
203
862
580
810
148
925
903
971
10
549
913
123
930
568
859
20
63
967
377
778
965
651
813
125
745
678
950
761
957
100
58
160
962
990
322
111
915
578
82
278
127
347
401
409
268
612
429
331
931
806
462
897
457
275
374
202
305
324
316
262
424
726
774
739
717
449
850
984
27
284
614
506
984
367
915
604
979
344
935
263
502
749
512
959
377
886
513
682
563
829
945
339
556
71
78
625
520
280
961
899
917
576
405
901
943
672
857
275
368
792
890
870
894
402
829
271
288
343
953
203
524
250
543
432
322
621
409
194
254
371
94
171
299
851
424
594
524
281
869
892
425
759
763
319
513
944
590
154
639
896
357
164
146
252
596
468
226
6
15
480
729
109
651
28
312
427
622
836
708
844
81
133
955
844
805
469
140
747
623
780
643
980
944
790
585
892
610
811
898
625
291
979
86
294
7
399
721
630
587
429
826
668
914
781
864
719
602
5
467
225
137
462
558
81
252
143
973
215
954
224
840
245
203
279
539
563
30
612
545
617
41
371
638
307
504
854
379
107
211
198
332
348
660
890
429
913
385
755
480
339
331
672
936
886
951
827
449
333
439
994
303
832
717
941
140
222
795
519
329
359
69
13
707
729
904
137
994
641
244
474
333
575
147
269
813
450
449
263
784
888
257
87
73
327
380
213
549
527
84
878
886
153
891
594
234
147
83
229
141
327
703
474
254
202
743
67
653
544
682
437
785
292
876
858
619
256
423
168
783
859
398
670
364
641
616
598
141
699
827
282
378
883
108
984
437
851
51
442
748
86
231
533
378
107
391
997
715
814
517
499
25
267
521
389
908
137
987
401
836
167
35
566
402
143
550
191
347
953
634
95
39
865
628
417
973
19
766
40
185
283
539
210
902
412
951
811
549
938
564
737
457
600
303
211
743
205
403
442
159
37
537
198
254
165
968
227
536
734
620
73
370
159
635
272
572
586
435
473
877
0
563
334
952
218
546
695
424
301
490
583
338
27
133
592
545
101
172
81
836
144
507
558
303
142
830
227
729
618
53
958
618
616
292
570
834
190
617
610
843
107
193
533
487
327
478
32
780
2
113
968
146
620
526
449
115
709
29
844
327
82
802
945
50
446
867
236
989
836
847
832
944
392
366
783
71
196
815
852
198
928
820
344
901
699
145
16
408
174
212
735
608
366
32
10
164
899
247
153
735
446
338
31
190
56
814
262
252
981
466
450
910
286
146
163
985
291
531
745
466
743
480
426
109
512
437
625
763
36
131
851
482
469
234
672
877
401
286
481
382
752
283
644
39
429
807
376
720
338
474
186
433
954
965
894
819
402
520
934
438
651
785
272
472
372
296
349
773
583
182
507
335
465
152
726
894
959
455
614
650
281
153
83
235
118
978
406
520
850
693
310
501
830
934
973
202
230
674
327
165
856
835
853
321
987
931
215
298
386
181
948
667
334
384
255
452
714
13
324
564
706
986
417
889
272
390
91
855
416
419
20
624
606
873
297
593
157
864
891
895
45
192
563
732
928
170
536
642
535
861
206
594
199
623
483
472
365
926
327
133
697
699
109
303
925
406
248
82
270
492
977
667
684
892
399
964
414
936
606
302
149
164
896
700
139
731
524
856
657
203
989
707
903
450
10
828
856
611
262
478
103
239
497
139
484
249
103
898
537
61
200
686
225
448
738
364
179
263
572
189
466
913
896
721
363
258
901
219
869
163
49
972
755
546
463
239
795
566
489
332
627
690
370
204
490
109
920
670
724
492
211
542
405
459
264
768
69
165
339
291
681
388
615
436
287
79
27
82
645
516
767
625
558
137
829
49
598
750
71
674
242
634
217
648
93
481
768
514
998
108
805
679
496
421
467
783
852
494
218
497
363
985
474
921
474
304
970
425
54
393
99
648
27
668
648
472
501
417
987
500
877
792
531
373
565
351
509
417
197
79
267
560
416
741
482
242
397
804
667
451
198
119
452
577
139
100
50
641
869
37
493
746
181
376
472
99
727
333
516
925
412
135
485
180
877
319
422
274
124
442
78
674
561
530
603
700
982
653
693
852
42
186
950
576
563
422
675
642
755
543
919
519
679
405
699
556
76
122
182
200
564
260
226
477
142
830
529
477
835
223
681
878
409
631
806
324
406
481
319
513
24
238
33
703
995
732
611
72
206
794
624
122
406
851
599
901
33
129
730
868
704
411
98
465
394
904
790
152
385
461
666
762
699
699
817
695
783
429
767
342
575
391
464
981
594
416
234
627
897
964
848
601
727
946
66
122
851
208
274
588
669
292
350
369
343
168
64
479
949
183
821
524
926
637
857
521
53
92
500
950
408
348
903
136
647
970
610
498
178
236
438
200
881
141
569
224
661
985
703
610
520
524
486
446
514
343
319
567
787
172
870
548
872
773
36
519
95
998
369
626
234
808
826
115
949
747
692
610
84
395
572
956
272
58
402
786
401
74
705
541
246
927
89
118
701
477
990
148
475
359
774
709
167
952
177
468
699
221
430
135
616
2
91
240
60
846
378
814
920
436
707
518
363
148
988
416
625
330
565
100
690
339
809
857
644
338
678
343
559
108
831
528
111
922
120
523
768
499
337
40
935
44
910
298
192
251
715
817
581
632
917
271
323
79
481
967
769
159
663
681
619
494
561
730
416
681
254
537
180
943
929
467
988
840
118
532
443
185
702
24
817
971
648
140
402
129
460
172
640
123
205
259
617
766
342
385
447
596
274
980
891
204
799
231
396
917
764
839
102
818
863
919
789
511
412
544
992
872
716
984
347
273
596
964
39
938
701
838
886
976
818
777
180
618
9
928
535
125
767
990
943
982
261
84
494
673
628
838
897
696
175
244
969
771
560
8
61
262
847
947
590
17
76
122
635
85
50
523
562
817
865
505
799
126
942
645
152
570
836
49
267
11
646
588
782
206
597
195
820
796
142
410
813
218
532
801
656
934
676
218
103
541
76
903
19
18
900
171
940
736
221
559
99
867
148
233
425
97
428
246
893
570
8
58
141
541
211
149
827
887
367
931
780
795
186
800
813
86
971
106
175
544
665
274
763
165
508
189
262
288
435
507
211
795
566
352
336
129
501
516
369
220
447
149
16
633
301
181
71
625
639
246
169
305
873
285
470
733
474
85
21
261
592
232
56
510
936
745
640
789
261
9
10
60
510
378
45
812
911
116
437
551
363
958
856
588
243
678
321
69
763
342
682
708
575
739
218
863
836
210
653
449
219
663
509
82
393
906
894
304
22
683
855
737
993
63
325
589
94
646
658
209
341
341
917
268
432
488
131
620
50
784
69
622
799
930
704
192
836
950
849
210
633
56
948
978
120
625
567
566
624
578
775
965
271
45
233
55
533
364
675
583
501
744
557
300
674
261
845
862
211
46
72
196
102
372
175
574
998
94
140
974
24
916
939
295
961
172
702
846
888
377
781
389
121
339
42
147
600
239
9
164
285
434
360
387
806
887
962
156
334
102
130
358
370
69
6
683
593
708
529
834
86
663
575
559
2
617
59
954
856
68
118
141
854
831
881
661
718
195
169
52
649
300
763
20
721
769
55
667
829
585
501
267
248
76
827
602
46
886
556
254
306
675
748
161
506
981
174
576
176
343
981
825
643
744
197
717
865
253
384
694
190
237
962
438
313
141
392
711
27
948
318
685
975
66
846
833
47
372
762
575
716
743
400
711
487
950
428
704
203
812
398
393
49
712
183
715
853
575
778
232
875
96
918
203
514
116
36
561
489
798
488
205
893
889
916
380
839
697
436
394
509
187
139
911
899
322
626
105
249
404
337
476
853
607
679
367
724
68
281
565
218
769
770
112
10
38
844
201
735
281
595
597
468
86
508
367
408
486
824
9
890
514
486
95
121
517
463
197
585
96
762
804
865
884
916
228
923
760
429
10
41
377
607
861
463
467
229
224
953
405
233
844
919
71
291
41
589
754
590
526
202
353
330
68
237
598
296
512
711
77
875
752
454
482
966
918
950
547
494
903
952
727
99
872
151
391
265
92
497
855
618
700
560
301
120
798
899
768
662
610
845
537
715
652
372
681
570
322
228
64
577
180
143
29
404
646
772
669
738
621
877
709
673
437
10
793
587
261
913
250
224
111
139
939
763
511
972
333
185
552
749
763
84
244
144
489
891
916
510
981
537
387
690
563
177
52
708
764
314
622
14
538
733
154
829
496
17
153
181
203
705
282
966
789
526
110
630
769
378
141
751
267
880
793
830
57
846
539
174
512
161
188
50
246
694
231
742
712
384
275
267
89
557
233
230
435
695
861
557
73
354
308
340
234
453
171
644
299
62
818
163
223
358
213
469
53
796
563
117
180
190
384
621
99
969
852
534
16
713
91
441
67
751
133
653
557
656
297
208
718
115
372
941
474
937
762
879
734
325
348
914
867
84
536
966
405
740
853
421
453
296
862
872
48
995
525
957
652
823
165
722
290
537
664
116
475
426
347
209
104
47
475
971
483
363
290
888
103
143
661
556
439
875
428
839
223
306
796
227
481
962
949
123
499
613
240
326
392
939
535
848
339
11
171
822
726
461
63
830
604
724
386
44
600
167
883
823
825
32
402
306
994
351
429
845
317
21
172
709
313
59
909
652
422
80
474
149
894
537
979
498
614
717
894
214
236
130
389
61
162
791
367
156
494
149
1
811
522
525
872
835
585
781
487
7
862
962
156
756
851
135
606
465
853
501
31
89
631
420
503
145
563
222
301
58
371
654
221
246
180
94
81
117
875
569
124
89
883
633
197
734
768
804
552
973
657
583
415
640
4
918
785
919
492
438
329
864
92
903
110
624
997
543
93
224
464
218
314
347
851
511
434
971
667
986
297
324
569
64
316
925
334
101
197
826
539
878
690
984
781
152
960
778
48
54
3
512
624
317
860
475
180
646
798
848
632
447
524
553
511
841
479
845
294
28
672
186
906
714
170
688
219
482
466
619
536
821
131
160
490
343
987
671
989
138
871
973
585
747
527
449
940
358
294
235
386
318
773
292
385
943
980
956
425
799
575
314
620
706
474
111
402
462
134
391
600
5
717
537
104
596
986
45
954
633
632
340
951
405
984
688
700
317
644
125
116
219
439
736
278
266
199
680
728
333
423
680
690
140
217
795
736
204
840
42
837
472
734
140
229
719
829
929
36
473
406
504
45
846
240
323
464
792
3
192
125
778
224
816
271
441
611
7
997
803
402
186
627
136
679
856
207
860
785
595
685
191
99
730
389
692
405
205
484
760
749
609
539
973
777
810
767
388
169
116
543
571
303
170
60
334
26
267
194
163
215
879
707
666
610
448
358
15
654
194
128
403
156
667
729
933
477
496
674
998
612
217
570
267
740
630
601
118
249
795
282
816
27
341
483
637
141
841
4
147
388
132
551
544
151
632
829
980
128
503
979
92
73
549
360
813
531
313
931
132
461
565
949
488
906
432
477
400
625
833
547
13
318
450
909
469
82
739
450
210
242
781
655
667
682
15
480
213
680
412
697
141
977
998
981
236
782
458
636
760
644
183
773
962
986
35
431
68
774
233
631
368
14
286
36
48
653
868
261
333
280
311
827
610
661
808
198
444
619
186
204
263
721
329
577
707
364
360
776
490
594
407
211
960
45
247
9
698
115
622
383
748
285
562
710
947
723
260
743
342
446
947
957
167
628
534
227
345
894
3
835
840
762
46
153
159
645
514
857
113
136
592
213
774
155
275
721
878
535
816
572
981
763
529
500
743
415
79
88
309
82
276
502
196
674
655
707
672
169
564
785
657
509
350
783
664
625
856
894
512
672
466
845
787
347
697
531
762
777
971
423
211
247
277
408
274
932
467
946
453
384
83
463
893
433
598
909
410
455
803
922
127
621
119
267
968
816
798
730
593
769
505
805
369
783
565
643
67
32
589
873
416
672
688
309
457
286
218
867
93
373
141
221
994
260
488
962
76
638
44
670
759
550
827
128
685
392
123
752
424
712
977
841
736
665
150
545
304
721
412
397
94
905
970
89
517
810
51
946
448
448
968
560
998
795
688
35
187
812
787
611
876
117
452
965
782
955
510
438
676
275
836
770
532
806
211
50
617
615
996
417
63
964
977
413
759
18
448
946
182
235
909
410
352
362
375
487
317
238
277
345
513
113
467
45
272
679
447
241
294
443
658
357
759
988
770
518
6
218
816
540
805
726
950
510
440
678
349
109
916
626
454
429
92
921
826
364
600
274
605
246
69
615
603
829
955
725
699
313
295
516
853
453
594
156
963
34
834
664
143
750
290
949
531
382
870
357
98
823
983
703
69
53
671
25
234
626
102
933
292
398
801
145
851
747
653
166
133
487
830
628
589
120
577
120
855
448
830
953
271
165
9
692
218
32
717
452
658
820
738
302
570
891
800
421
639
453
939
772
941
769
401
530
241
978
3
96
778
833
402
401
998
411
94
569
443
163
373
453
983
463
756
553
355
908
326
994
361
265
766
654
386
519
185
980
498
540
76
628
373
830
30
723
593
124
644
36
287
370
842
623
833
950
528
188
858
207
182
571
824
301
226
211
820
411
191
670
951
619
299
676
450
329
751
43
805
748
432
444
118
626
67
951
576
948
140
786
155
322
357
979
975
583
542
796
346
733
466
649
705
117
677
155
446
429
550
603
529
334
48
647
960
467
598
888
415
738
26
922
413
384
902
388
319
444
536
666
530
3
667
235
120
345
742
919
126
644
874
655
979
922
302
291
742
252
532
509
343
558
432
108
942
686
848
614
482
385
632
12
740
299
247
212
644
341
483
770
986
358
777
317
280
431
960
374
684
492
884
379
51
668
487
345
354
687
311
836
72
943
201
812
243
800
377
887
142
860
10
480
218
139
149
851
571
109
225
607
602
461
338
5
129
177
702
835
864
14
672
937
309
873
101
552
673
830
792
167
691
154
647
909
293
796
112
216
258
338
175
212
799
513
217
281
690
271
116
907
637
140
196
947
13
649
851
39
480
643
558
171
149
206
432
795
354
545
11
612
235
539
824
386
404
393
667
447
17
136
354
6
276
550
953
642
199
157
681
679
152
239
202
302
797
635
97
504
532
460
116
119
999
293
505
404
38
525
851
55
661
557
62
937
107
367
579
658
876
612
338
29
204
892
683
1
879
132
505
763
592
974
882
944
267
388
700
657
265
903
713
926
460
127
215
919
846
147
577
723
759
267
104
963
160
787
317
39
919
822
803
863
148
37
807
767
425
859
425
42
762
490
968
222
969
536
141
815
683
71
890
794
338
346
110
498
133
427
890
404
601
45
268
750
82
427
869
860
287
294
902
49
136
223
624
105
759
117
273
794
188
515
588
527
862
698
377
347
125
619
752
79
664
372
181
99
799
50
959
438
345
861
840
481
436
464
939
195
933
212
989
122
727
930
1
589
628
730
289
106
350
41
537
366
765
718
465
916
768
776
355
465
990
195
947
426
11
886
622
296
450
963
770
177
893
771
119
874
854
760
332
556
153
869
922
918
587
740
834
355
516
541
821
506
736
120
933
99
358
907
396
160
222
166
689
468
290
160
342
496
920
26
52
73
895
326
991
482
66
178
189
935
719
362
441
808
834
726
907
544
985
655
704
560
174
394
28
464
554
722
960
475
748
364
548
643
690
892
477
757
70
666
692
789
381
485
597
215
212
857
760
549
512
464
109
686
210
137
502
765
211
814
592
959
178
492
954
869
384
431
626
454
450
670
596
831
155
545
398
719
402
158
621
267
975
730
305
185
220
808
950
431
622
894
743
153
387
49
22
771
833
0
578
283
22
526
466
529
71
864
249
826
375
222
93
350
952
398
535
524
558
838
956
533
732
51
686
119
100
60
243
933
60
173
568
434
51
386
963
122
603
212
948
978
786
393
680
739
144
215
263
702
405
571
587
138
974
625
609
75
685
204
360
97
729
281
531
780
667
495
903
622
59
203
600
846
597
280
937
93
848
552
795
253
124
735
743
98
360
353
525
46
909
238
495
639
519
27
419
538
874
674
161
933
230
113
131
827
746
68
272
594
621
67
199
97
154
943
547
515
648
73
913
557
663
408
196
182
787
968
72
661
994
585
947
224
699
78
403
445
147
675
391
768
743
590
217
249
533
764
764
181
189
29
91
852
790
287
386
577
607
459
591
602
44
538
826
95
616
230
540
115
905
283
235
0
874
452
250
759
217
366
293
406
396
384
259
538
671
645
115
631
456
706
233
853
596
411
948
565
641
489
680
899
124
916
251
998
720
853
758
937
220
403
696
968
787
307
506
810
304
973
441
761
32
26
966
628
438
914
193
431
755
874
682
880
142
934
878
214
787
988
504
359
391
200
327
178
859
185
341
163
159
782
276
191
809
242
171
599
157
365
30
912
591
65
792
85
999
23
299
786
363
803
498
107
355
177
285
214
363
626
378
874
761
654
417
922
249
588
521
406
953
903
670
896
968
463
981
319
838
633
458
201
436
956
308
144
133
946
358
496
924
88
722
37
95
139
959
344
728
832
102
681
736
772
930
56
587
911
376
425
896
834
979
333
790
639
829
275
937
539
124
862
628
846
899
75
986
211
419
714
43
873
747
131
645
677
188
585
941
916
10
837
750
341
522
892
981
351
167
918
891
643
132
871
490
384
946
476
595
717
190
990
590
289
122
587
319
310
172
260
226
535
449
328
876
972
572
209
675
91
480
918
735
964
789
225
348
87
701
295
804
243
638
746
884
760
334
203
422
506
815
648
393
265
328
270
589
900
831
264
343
663
535
78
628
676
303
328
764
356
976
920
951
614
667
836
374
353
391
796
859
207
796
605
824
476
875
413
728
58
29
71
722
564
150
702
241
805
30
357
514
6
277
817
972
296
5
346
649
397
494
861
956
642
466
780
118
693
545
846
751
574
270
825
491
772
527
84
577
558
793
443
916
70
261
889
719
266
587
368
15
82
229
971
76
695
103
195
388
0
393
492
575
663
317
418
435
845
854
365
755
647
160
671
69
421
912
788
40
500
509
407
582
738
731
658
786
834
205
526
835
951
18
762
966
688
532
402
533
738
119
640
385
279
311
806
53
224
947
445
724
456
852
658
546
583
668
332
770
226
211
957
177
581
71
143
269
603
897
154
341
368
794
78
648
458
236
53
682
183
498
758
991
702
768
538
286
788
222
408
14
433
365
191
367
436
687
636
391
584
143
84
305
937
514
953
747
750
358
429
934
208
539
925
910
307
815
548
96
38
956
462
823
673
6
190
461
693
179
852
629
322
288
934
611
802
239
359
553
597
140
839
805
680
764
68
339
580
616
787
970
573
250
793
246
256
984
60
301
163
912
930
837
553
217
448
355
456
159
908
406
300
747
563
332
864
631
23
796
600
811
766
173
413
559
771
21
895
831
322
58
96
604
247
649
173
696
4
982
855
265
388
507
364
303
839
228
287
863
24
887
26
142
60
439
54
183
812
949
367
486
360
463
442
607
464
616
303
820
598
511
437
338
18
802
641
210
30
928
73
407
815
451
901
227
890
955
763
54
905
130
540
265
945
982
224
409
950
880
581
548
391
19
886
761
821
880
971
203
160
396
962
328
847
864
555
89
819
670
143
76
800
683
693
745
18
918
506
968
798
88
869
541
107
107
302
280
987
626
483
500
22
446
828
870
662
735
959
481
406
455
910
558
490
603
304
508
521
162
829
319
250
698
212
709
157
515
989
497
141
825
997
515
271
825
737
933
560
697
766
318
504
676
877
994
280
533
503
153
695
684
825
298
734
37
359
891
904
349
388
45
174
737
913
797
562
650
82
475
699
200
793
203
229
670
198
861
203
53
14
251
737
839
549
823
877
908
66
133
609
807
531
135
544
444
284
107
94
366
934
146
919
727
349
148
750
547
9
305
952
375
556
41
567
457
864
444
718
931
929
679
738
460
815
634
904
451
741
351
170
27
497
89
755
846
237
857
746
598
162
698
325
71
740
892
880
956
688
598
887
618
630
977
78
797
964
983
248
705
334
418
85
831
507
840
29
96
49
127
46
563
826
372
634
918
264
867
874
953
817
114
571
447
443
649
244
407
984
493
465
318
263
550
501
771
742
883
219
791
10
266
706
188
638
693
106
254
560
333
207
377
447
130
177
890
132
421
650
116
266
115
787
530
17
640
653
759
523
872
902
886
138
608
74
128
301
533
735
213
866
294
591
313
425
768
555
557
541
557
25
808
672
812
690
41
453
343
800
328
215
54
566
706
15
641
186
668
174
