 0
 1
 1
 1
 2
 2
 3
 3
 5
 6
 7
 9
 9
 10
 10
 10
 11
 13
 14
 15
 15
 15
 16
 16
 17
 18
 20
 21
 22
 22
 24
 27
 27
 29
 29
 30
 32
 35
 35
 36
 37
 37
 37
 38
 38
 39
 42
 43
 43
 43
 44
 47
 47
 47
 49
 49
 51
 52
 52
 52
 55
 56
 56
 58
 59
 59
 59
 62
 63
 64
 65
 66
 68
 69
 70
 70
 71
 71
 72
 72
 74
 77
 77
 78
 81
 81
 83
 84
 85
 87
 88
 88
 89
 89
 91
 91
 92
 92
 94
 96
 96
 96
 97
 98
 101
 103
 103
 104
 104
 104
 105
 106
 106
 108
 108
 111
 111
 113
 113
 113
 113
 114
 114
 115
 115
 115
 116
 119
 119
 120
 121
 122
 122
 123
 123
 123
 123
 126
 126
 128
 128
 129
 132
 132
 133
 133
 134
 137
 138
 140
 141
 141
 144
 144
 144
 146
 146
 146
 149
 149
 150
 150
 150
 151
 151
 151
 151
 152
 154
 154
 155
 156
 157
 158
 159
 160
 160
 160
 161
 165
 167
 168
 169
 170
 170
 170
 170
 170
 171
 175
 178
 179
 179
 179
 180
 181
 182
 182
 185
 186
 188
 188
 188
 189
 189
 190
 190
 191
 191
 193
 194
 195
 195
 196
 196
 197
 197
 197
 198
 198
 200
 203
 204
 204
 206
 207
 207
 209
 210
 210
 211
 212
 214
 215
 215
 216
 218
 219
 219
 220
 220
 221
 221
 222
 222
 222
 222
 226
 227
 227
 228
 228
 229
 230
 230
 230
 232
 234
 235
 237
 237
 241
 241
 241
 241
 242
 242
 243
 243
 244
 244
 245
 245
 245
 246
 246
 247
 250
 251
 251
 252
 252
 252
 257
 257
 258
 258
 259
 260
 261
 263
 264
 264
 264
 267
 267
 268
 270
 271
 272
 272
 273
 276
 277
 277
 278
 278
 279
 279
 280
 281
 285
 286
 287
 287
 287
 287
 289
 291
 292
 293
 294
 294
 297
 297
 298
 299
 299
 300
 302
 302
 303
 303
 303
 305
 306
 306
 310
 311
 311
 311
 312
 312
 313
 316
 317
 318
 318
 319
 319
 320
 322
 324
 324
 324
 325
 325
 325
 327
 327
 327
 329
 330
 332
 332
 332
 332
 332
 333
 333
 335
 335
 336
 336
 338
 340
 340
 341
 342
 342
 342
 343
 344
 346
 350
 351
 352
 352
 356
 356
 358
 362
 365
 365
 368
 369
 369
 370
 371
 371
 371
 373
 373
 373
 378
 379
 380
 380
 381
 382
 382
 386
 386
 387
 387
 387
 388
 389
 390
 391
 393
 394
 396
 396
 396
 397
 398
 401
 402
 402
 403
 403
 404
 405
 406
 407
 407
 407
 407
 408
 410
 412
 412
 412
 413
 413
 414
 416
 417
 417
 419
 419
 419
 420
 420
 421
 421
 422
 423
 424
 425
 425
 428
 429
 432
 433
 435
 437
 437
 438
 439
 440
 440
 441
 442
 444
 447
 448
 448
 448
 450
 451
 452
 452
 453
 455
 455
 456
 457
 458
 458
 461
 461
 461
 464
 465
 465
 466
 467
 468
 470
 472
 472
 473
 474
 475
 477
 477
 478
 479
 479
 482
 482
 482
 483
 484
 486
 486
 487
 487
 488
 489
 489
 490
 492
 493
 493
 494
 496
 496
 501
 503
 503
 504
 506
 506
 510
 510
 513
 515
 518
 518
 518
 519
 520
 521
 524
 524
 524
 525
 526
 526
 527
 530
 531
 531
 531
 532
 534
 534
 534
 536
 540
 542
 545
 545
 546
 547
 547
 549
 550
 553
 554
 554
 556
 560
 560
 561
 563
 566
 569
 570
 570
 571
 571
 573
 574
 574
 575
 575
 576
 576
 577
 580
 580
 581
 582
 582
 582
 582
 582
 583
 583
 584
 586
 586
 588
 588
 588
 589
 589
 590
 590
 591
 591
 593
 593
 593
 594
 594
 595
 596
 596
 597
 598
 599
 600
 600
 601
 602
 603
 603
 604
 607
 608
 610
 610
 611
 611
 611
 615
 616
 618
 618
 618
 619
 619
 621
 624
 624
 624
 624
 624
 625
 625
 626
 626
 627
 629
 632
 632
 633
 633
 636
 637
 638
 638
 639
 639
 640
 641
 641
 641
 643
 647
 649
 653
 653
 653
 654
 657
 659
 660
 660
 662
 663
 665
 668
 671
 672
 673
 674
 675
 675
 676
 676
 677
 677
 678
 678
 679
 680
 681
 682
 685
 685
 685
 690
 690
 690
 690
 691
 692
 692
 694
 697
 698
 698
 700
 701
 703
 704
 704
 706
 706
 710
 710
 711
 711
 712
 713
 715
 717
 717
 717
 718
 718
 718
 719
 720
 720
 721
 721
 722
 722
 723
 724
 724
 727
 728
 728
 729
 729
 729
 731
 733
 733
 734
 734
 735
 736
 738
 739
 739
 740
 741
 743
 748
 748
 751
 752
 752
 753
 753
 753
 754
 754
 755
 760
 760
 760
 761
 763
 763
 763
 763
 764
 764
 764
 765
 765
 765
 767
 767
 769
 769
 771
 771
 772
 773
 776
 778
 779
 781
 781
 782
 784
 787
 787
 788
 788
 788
 790
 791
 792
 793
 793
 793
 795
 796
 797
 799
 799
 800
 800
 800
 800
 802
 804
 805
 810
 810
 811
 814
 814
 817
 818
 820
 821
 821
 823
 823
 824
 824
 826
 828
 829
 830
 830
 830
 831
 831
 833
 838
 839
 844
 844
 846
 847
 847
 848
 850
 852
 854
 854
 855
 857
 857
 858
 858
 859
 862
 862
 864
 865
 865
 866
 867
 868
 871
 871
 872
 874
 875
 876
 876
 877
 877
 880
 881
 884
 884
 886
 887
 888
 889
 889
 891
 893
 894
 895
 895
 896
 897
 897
 898
 898
 898
 903
 904
 906
 907
 907
 909
 911
 912
 912
 914
 915
 916
 916
 918
 918
 918
 920
 922
 922
 923
 923
 927
 927
 929
 930
 931
 932
 932
 933
 935
 936
 937
 937
 939
 941
 941
 942
 942
 944
 944
 944
 948
 948
 948
 950
 951
 951
 952
 952
 952
 954
 955
 955
 956
 957
 958
 959
 961
 963
 964
 965
 965
 965
 966
 968
 969
 969
 970
 971
 971
 972
 974
 975
 977
 977
 978
 981
 982
 984
 985
 985
 985
 986
 987
 988
 989
 990
 990
 992
 992
 999
 999
